0.000000000000000000e+00
1.399694344001249733e-03
2.973245564847328860e-03
5.488794954082217709e-03
9.409944404899473272e-03
1.400074565942354722e-02
1.855680506256501827e-02
2.270022566142798973e-02
2.630227499843476244e-02
2.936716789831372160e-02
3.195397445892321497e-02
3.413650078332308713e-02
3.598555055920634599e-02
3.756263257347022821e-02
3.891872040146535094e-02
4.009536017677173270e-02
4.112574797425305739e-02
4.203644293040040281e-02
4.284864861000722835e-02
4.357928214320235666e-02
4.424188464818563926e-02
4.484733624448292155e-02
4.540441355563219761e-02
4.592024402711604447e-02
4.640068220442025021e-02
4.685048068505374280e-02
4.727365673493423570e-02
4.767344725402049288e-02
4.805268387507507372e-02
4.841369407831160737e-02
4.875845728226629872e-02
4.908872762637296605e-02
4.940598003273005689e-02
4.971148531982062801e-02
5.000640180037276006e-02
5.029170799010729276e-02
5.056829892075907773e-02
5.083695879319992394e-02
5.109837640606550851e-02
5.135318535678717183e-02
5.160197141143604838e-02
5.184525481348391945e-02
5.208347532349293790e-02
5.231708400649583146e-02
5.254646258746397541e-02
5.277197572977344181e-02
5.299394179362671570e-02
5.321268002840584543e-02
5.342845900677695159e-02
5.364154260153346926e-02
5.385218138849183489e-02
5.406057407133404991e-02
5.426696940307502992e-02
5.447152978500087450e-02
5.467444079732343420e-02
5.487588199596570016e-02
5.507601003523109051e-02
5.527498679928415787e-02
5.547293611370005678e-02
5.566999792583251366e-02
5.586631868198837364e-02
5.606197701148961376e-02
5.625711826565989171e-02
5.645183052033154320e-02
5.664622668150422202e-02
5.684039708927307588e-02
5.703443366997776320e-02
5.722842220429486676e-02
5.742243606641635190e-02
5.761656539312057929e-02
5.781087357535183435e-02
5.800543405005508663e-02
5.820031644068514309e-02
5.839557196783740772e-02
5.859125581567023455e-02
5.878744008870534499e-02
5.898415350687336717e-02
5.918145542073305343e-02
5.937939566716578244e-02
5.957799610215936542e-02
5.977731463906169745e-02
5.997736320620582900e-02
6.017818976386356961e-02
6.037981544933199163e-02
6.058226055379144215e-02
6.078554989803730546e-02
6.098970139170893645e-02
6.119473226994433246e-02
6.140064722034056788e-02
6.160746214939736426e-02
6.181517550073363509e-02
6.202380175730960732e-02
6.223332833083446147e-02
6.244376386339113572e-02
6.265508526302773773e-02
6.286730176126206771e-02
6.308039056625272534e-02
6.329435092680089914e-02
6.350915121660746787e-02
6.372479132610293917e-02
6.394123132631658601e-02
