0.000000000000000000e+00
7.952500000000000305e-07
8.083333333333312409e-08
1.851250000000006204e-07
4.024999999999999580e-07
6.654166666666656603e-07
9.170714285714297981e-07
1.133624999999997977e-06
1.312111111111112797e-06
1.463049999999997368e-06
1.598681818181822130e-06
1.730375000000001199e-06
1.865884615384609698e-06
2.008392857142858817e-06
2.160100000000003256e-06
2.319468749999997375e-06
2.486088235294121602e-06
2.657277777777766952e-06
2.831947368421061592e-06
3.007650000000004992e-06
3.182999999999999849e-06
3.356659090909077287e-06
3.528282608695657754e-06
3.696562499999989648e-06
3.860700000000008624e-06
4.022307692307693151e-06
4.179555555555576111e-06
4.333071428571421317e-06
4.483931034482739418e-06
4.631233333333338295e-06
4.776516129032267176e-06
4.918843750000001604e-06
5.059727272727250480e-06
5.199661764705895402e-06
5.338642857142847812e-06
5.476666666666664488e-06
5.615675675675670808e-06
5.755131578947398045e-06
5.895000000000008781e-06
6.036224999999955916e-06
6.179243902439033557e-06
6.324000000000032117e-06
6.471906976744180837e-06
6.621420454545415223e-06
6.773966666666713884e-06
6.929967391304313223e-06
7.089351063829834243e-06
7.251562499999909448e-06
7.418510204081703481e-06
7.588149999999926662e-06
7.762892156862771412e-06
7.941673076923120940e-06
8.123943396226342162e-06
8.312111111111206713e-06
8.503636363636309016e-06
8.700937500000033108e-06
8.902464912280647091e-06
9.109646551724269052e-06
9.321432203389801440e-06
9.538758333333225719e-06
9.761073770491929583e-06
9.989314516128998826e-06
1.022243650793646028e-05
1.046187499999993784e-05
1.070707692307705690e-05
1.095749999999994549e-05
1.121408955223874399e-05
1.147679411764705409e-05
1.174556521739146238e-05
1.202035714285706679e-05
1.230112676056341194e-05
1.258832638888893719e-05
1.288191095890391926e-05
1.318134459459454269e-05
1.348758000000022840e-05
1.379958552631571395e-05
1.411831818181816245e-05
1.444373717948714534e-05
1.477531012658228550e-05
1.511251249999998027e-05
1.545729629629636107e-05
1.580714634146332035e-05
1.616402409638552780e-05
1.652690476190499447e-05
1.689625882352932925e-05
1.727106976744177748e-05
1.765280459770110722e-05
1.803945454545454033e-05
1.843249438202265418e-05
1.883140555555556526e-05
1.923617032967026648e-05
1.964627717391311882e-05
2.006171505376326731e-05
2.048247340425551899e-05
2.090903684210527992e-05
2.134040104166669849e-05
2.177656185566999737e-05
2.221801020408162167e-05
2.266424242424238138e-05
2.311475999999984576e-05
