        _
  _ __ | |__   ___  _ __   ___   _ __  _   _
 | '_ \| '_ \ / _ \| '_ \ / _ \ | '_ \| | | |
 | |_) | | | | (_) | | | | (_) || |_) | |_| |
 | .__/|_| |_|\___/|_| |_|\___(_) .__/ \__, |
 |_|                            |_|    |___/
                                     1.11.12

Force constants are read from FORCE_CONSTANTS.
Python version 3.6.0
Spglib version 1.9.9
Mesh sampling mode
Settings:
  Sampling mesh: [64 64  1]
  Supercell: [1 1 1]
Spacegroup: Pm (6)
Number of irreducible q-points on sampling mesh: 1024/4096
Calculating phonons on sampling mesh...
Calculating thermal properties...
#      T [K]      F [kJ/mol]    S [J/K/mol]  C_v [J/K/mol]     E [kJ/mol]
       0.000      62.3838279      0.0000000      0.0000000     62.3838279
      10.000      62.3680893      4.4613722      8.1736505     62.4127030
      20.000      62.2679278     17.2711562     36.6275444     62.6133509
      30.000      61.9831155     41.6907606     90.6401782     63.2338383
      40.000      61.3993167     76.4730783    154.5634091     64.4582398
      50.000      60.4323608    117.6775780    216.0978525     66.3162397
      60.000      59.0354248    162.0242003    270.7447174     68.7568768
      70.000      57.1886126    207.3778185    317.6088218     71.7050599
      80.000      54.8888803    252.4455166    357.1268445     75.0845217
      90.000      52.1431951    296.4763873    390.1892373     78.8260700
     100.000      48.9642037    339.0587413    417.7807218     82.8700778
     110.000      45.3675345    379.9910087    440.8264099     87.1665455
     120.000      41.3701355    419.2001909    460.1333886     91.6741584
     130.000      36.9892653    456.6904272    476.3785827     96.3590209
     140.000      32.2418963    492.5106520    490.1175312    101.1933875
     150.000      27.1443753    526.7343598    501.8009138    106.1545292
     160.000      21.7122462    559.4470486    511.7924132    111.2237740
     170.000      15.9601716    590.7385265    520.3851231    116.3857211
     180.000       9.9019144    620.6982931    527.8155420    121.6276072
     190.000       3.5503559    649.4128614    534.2750520    126.9387996
     200.000      -3.0824663    676.9642978    539.9191341    132.3103933
     210.000      -9.9853099    703.4295218    544.8746793    137.7348896
     220.000     -17.1476751    728.8800715    549.2457566    143.2059406
     230.000     -24.5597504    753.3821500    553.1181543    148.7181441
     240.000     -32.2123606    776.9968348    556.5629561    154.2668797
     250.000     -40.0969171    799.7803737    559.6393643    159.8481763
     260.000     -48.2053706    821.7845219    562.3969342    165.4586051
     270.000     -56.5301687    843.0568910    564.8773505    171.0951919
     280.000     -65.0642156    863.6412924    567.1158444    176.7553463
     290.000     -73.8008361    883.5780644    569.1423300    182.4368026
     300.000     -82.7337423    902.9043799    570.9823192    188.1375716
     310.000     -91.8570034    921.6545288    572.6576629    193.8559005
     320.000    -101.1650182    939.8601787    574.1871523    199.5902390
     330.000    -110.6524899    957.5506107    575.5870112    205.3392117
     340.000    -120.3144036    974.7529346    576.8712993    211.1015942
     350.000    -130.1460055    991.4922824    578.0522448    216.8762933
     360.000    -140.1427839   1007.7919840    579.1405199    222.6623303
     370.000    -150.3004521   1023.6737251    580.1454692    228.4588261
     380.000    -160.6149327   1039.1576897    581.0753011    234.2649894
     390.000    -171.0823429   1054.2626893    581.9372477    240.0801060
     400.000    -181.6989819   1069.0062784    582.7376998    245.9035295
     410.000    -192.4613185   1083.4048596    583.4823201    251.7346739
     420.000    -203.3659803   1097.4737783    584.1761397    257.5730066
     430.000    -214.4097432   1111.2274083    584.8236404    263.4180424
     440.000    -225.5895225   1124.6792294    585.4288241    269.2693384
     450.000    -236.9023641   1137.8418974    585.9952729    275.1264898
     460.000    -248.3454364   1150.7273084    586.5262007    280.9891255
     470.000    -259.9160234   1163.3466563    587.0244967    286.8569050
     480.000    -271.6115178   1175.7104858    587.4927646    292.7295154
     490.000    -283.4294146   1187.8287402    587.9333546    298.6066681
     500.000    -295.3673054   1199.7108054    588.3483933    304.4880973
     510.000    -307.4228730   1211.3655496    588.7398076    310.3735572
     520.000    -319.5938867   1222.8013600    589.1093476    316.2628206
     530.000    -331.8781970   1234.0261765    589.4586047    322.1556766
     540.000    -344.2737320   1245.0475220    589.7890293    328.0519299
     550.000    -356.7784930   1255.8725306    590.1019448    333.9513988
     560.000    -369.3905508   1266.5079736    590.3985611    339.8539145
     570.000    -382.1080421   1276.9602833    590.6799856    345.7593194
     580.000    -394.9291664   1287.2355747    590.9472340    351.6674669
     590.000    -407.8521829   1297.3396659    591.2012386    357.5782200
     600.000    -420.8754075   1307.2780966    591.4428567    363.4914504
     610.000    -433.9972103   1317.0561454    591.6728775    369.4070384
     620.000    -447.2160126   1326.6788458    591.8920289    375.3248717
     630.000    -460.5302854   1336.1510007    592.1009824    381.2448450
     640.000    -473.9385462   1345.4771963    592.3003589    387.1668595
     650.000    -487.4393574   1354.6618148    592.4907328    393.0908222
     660.000    -501.0313245   1363.7090461    592.6726362    399.0166459
     670.000    -514.7130938   1372.6228987    592.8465626    404.9442483
     680.000    -528.4833507   1381.4072100    593.0129703    410.8735521
     690.000    -542.3408184   1390.0656559    593.1722851    416.8044841
     700.000    -556.2842560   1398.6017593    593.3249033    422.7369755
     710.000    -570.3124571   1407.0188988    593.4711940    428.6709611
     720.000    -584.4242483   1415.3203162    593.6115011    434.6063794
     730.000    -598.6184881   1423.5091237    593.7461456    440.5431722
     740.000    -612.8940654   1431.5883106    593.8754275    446.4812845
     750.000    -627.2498984   1439.5607497    593.9996270    452.4206639
     760.000    -641.6849337   1447.4292035    594.1190064    458.3612609
     770.000    -656.1981448   1455.1963292    594.2338113    464.3030287
     780.000    -670.7885311   1462.8646843    594.3442720    470.2459227
     790.000    -685.4551174   1470.4367315    594.4506043    476.1899004
     800.000    -700.1969526   1477.9148429    594.5530110    482.1349217
     810.000    -715.0131088   1485.3013049    594.6516825    488.0809482
     820.000    -729.9026806   1492.5983220    594.7467979    494.0279435
     830.000    -744.8647842   1499.8080205    594.8385257    499.9758728
     840.000    -759.8985568   1506.9324524    594.9270246    505.9247032
     850.000    -775.0031556   1513.9735985    595.0124440    511.8744031
     860.000    -790.1777575   1520.9333719    595.0949248    517.8249423
     870.000    -805.4215580   1527.8136209    595.1746002    523.7762922
     880.000    -820.7337708   1534.6161320    595.2515955    529.7284254
     890.000    -836.1136273   1541.3426324    595.3260296    535.6813156
     900.000    -851.5603757   1547.9947928    595.3980144    541.6349378
     910.000    -867.0732807   1554.5742294    595.4676562    547.5892681
     920.000    -882.6516231   1561.0825071    595.5350554    553.5442835
     930.000    -898.2946987   1567.5211406    595.6003070    559.4999620
     940.000    -914.0018186   1573.8915972    595.6635011    565.4562827
     950.000    -929.7723082   1580.1952986    595.7247233    571.4132255
     960.000    -945.6055067   1586.4336225    595.7840546    577.3707709
     970.000    -961.5007671   1592.6079048    595.8415719    583.3289005
     980.000    -977.4574556   1598.7194410    595.8973484    589.2875965
     990.000    -993.4749510   1604.7694878    595.9514535    595.2468419
    1000.000   -1009.5526445   1610.7592647    596.0039531    601.2066203
                 _
   ___ _ __   __| |
  / _ \ '_ \ / _` |
 |  __/ | | | (_| |
  \___|_| |_|\__,_|

