0.000000000000000000e+00 0.000000000000000000e+00 0.000000000000000000e+00 0.000000000000000000e+00 0.000000000000000000e+00 0.000000000000000000e+00 0.000000000000000000e+00 0.000000000000000000e+00 0.000000000000000000e+00 0.000000000000000000e+00 0.000000000000000000e+00 0.000000000000000000e+00 0.000000000000000000e+00 0.000000000000000000e+00 0.000000000000000000e+00 0.000000000000000000e+00
2.487500000000000007e-07 7.562499999999999592e-07 7.714999999999999402e-07 1.034249999999999881e-06 1.435500000000000063e-06 -0.000000000000000000e+00 1.436500000000000138e-06 1.034750000000000130e-06 7.402500000000000276e-07 6.392500000000000629e-07 2.487500000000000007e-07 1.453999999999999970e-06 9.522500000000000731e-07 1.193999999999999918e-06 1.554999999999999935e-06 1.283000000000000040e-06
2.507499999999999921e-07 1.143124999999999961e-06 9.361249999999999734e-07 1.036999999999999982e-06 1.436875000000000113e-06 0.000000000000000000e+00 1.440125000000000040e-06 1.056499999999999964e-06 8.776249999999999194e-07 9.948749999999999403e-07 2.805000000000000037e-07 1.463125000000000073e-06 1.002750000000000055e-06 1.384750000000000167e-06 2.184125000000000031e-06 2.400624999999999991e-06
2.770000000000000055e-07 1.286250000000000179e-06 1.055416666666666585e-06 1.083500000000000087e-06 1.444583333333333408e-06 0.000000000000000000e+00 1.469083333333333343e-06 1.224583333333333185e-06 1.116833333333333242e-06 1.230166666666666691e-06 5.918333333333332926e-07 1.551500000000000095e-06 1.373916666666666797e-06 1.786666666666666783e-06 2.622583333333333395e-06 2.982666666666666852e-06
4.467500000000000002e-07 1.373937499999999964e-06 1.230812499999999958e-06 1.243562499999999963e-06 1.473250000000000040e-06 0.000000000000000000e+00 1.533374999999999951e-06 1.517250000000000169e-06 1.447750000000000030e-06 1.449562499999999981e-06 1.066062499999999968e-06 1.778250000000000084e-06 1.953999999999999842e-06 2.392124999999999988e-06 3.083687500000000196e-06 3.495187499999999983e-06
7.846499999999999752e-07 1.480849999999999976e-06 1.471299999999999999e-06 1.481450000000000021e-06 1.524850000000000105e-06 0.000000000000000000e+00 1.617499999999999972e-06 1.809199999999999974e-06 1.789599999999999984e-06 1.726850000000000034e-06 1.559849999999999982e-06 2.123500000000000082e-06 2.524199999999999905e-06 3.008950000000000219e-06 3.591450000000000148e-06 4.008300000000000231e-06
1.206291666666666644e-06 1.635624999999999904e-06 1.725625000000000101e-06 1.723583333333333405e-06 1.590666666666666670e-06 0.000000000000000000e+00 1.706458333333333336e-06 2.062208333333333275e-06 2.110041666666666461e-06 2.060624999999999858e-06 2.053249999999999781e-06 2.546583333333333191e-06 3.056375000000000023e-06 3.581499999999999930e-06 4.116458333333333555e-06 4.535208333333332722e-06
1.669964285714285771e-06 1.848178571428571382e-06 1.969321428571428490e-06 1.939464285714285689e-06 1.661428571428571434e-06 0.000000000000000000e+00 1.793571428571428310e-06 2.282357142857142834e-06 2.413285714285714268e-06 2.430499999999999853e-06 2.544714285714285951e-06 3.014249999999999982e-06 3.568571428571428467e-06 4.121571428571428509e-06 4.646607142857142687e-06 5.080000000000000490e-06
2.157656250000000015e-06 2.116812499999999818e-06 2.203374999999999889e-06 2.128250000000000333e-06 1.732000000000000104e-06 0.000000000000000000e+00 1.877499999999999812e-06 2.481687500000000285e-06 2.707406250000000130e-06 2.817593750000000335e-06 3.031718750000000169e-06 3.503781250000000192e-06 4.075500000000000197e-06 4.648156250000000141e-06 5.183468749999999939e-06 5.645375000000000138e-06
2.660499999999999769e-06 2.432833333333333221e-06 2.436222222222222482e-06 2.298055555555555670e-06 1.800666666666666776e-06 0.000000000000000000e+00 1.958888888888889004e-06 2.669000000000000196e-06 2.996277777777777598e-06 3.209027777777777805e-06 3.510833333333333742e-06 4.001222222222222745e-06 4.584000000000000496e-06 5.174249999999999630e-06 5.731611111111111734e-06 6.232611111111111681e-06
3.172850000000000039e-06 2.784974999999999962e-06 2.675150000000000128e-06 2.457450000000000078e-06 1.867724999999999977e-06 0.000000000000000000e+00 2.038500000000000049e-06 2.849249999999999868e-06 3.280600000000000405e-06 3.596774999999999965e-06 3.979275000000000115e-06 4.498724999999999859e-06 5.095874999999999724e-06 5.706400000000000117e-06 6.293800000000000626e-06 6.841000000000000231e-06
5.748600000000000323e-06 4.782783333333333481e-06 4.021716666666666670e-06 3.260983333333333076e-06 2.212633333333333618e-06 0.000000000000000000e+00 2.423483333333333048e-06 3.693816666666666811e-06 4.613066666666666523e-06 5.392300000000000024e-06 6.139883333333333583e-06 6.898283333333332963e-06 7.669816666666667368e-06 8.459383333333333991e-06 9.260633333333332461e-06 1.006616666666666688e-05
8.160549999999999312e-06 6.787137499999999864e-06 5.487837500000000293e-06 4.161524999999999937e-06 2.614399999999999905e-06 1.250000000000000046e-11 2.788600000000000287e-06 4.459875000000000223e-06 5.786899999999999600e-06 6.949824999999999990e-06 8.033050000000000956e-06 9.085974999999999011e-06 1.011246250000000093e-05 1.113933749999999946e-05 1.217016250000000157e-05 1.319925000000000072e-05
1.030725000000000029e-05 8.600059999999999785e-06 6.859850000000000059e-06 5.077889999999999421e-06 3.050690000000000009e-06 2.899999999999999808e-10 3.125059999999999688e-06 5.144229999999999365e-06 6.813560000000000033e-06 8.299710000000000196e-06 9.679069999999999810e-06 1.099551999999999972e-05 1.226650000000000021e-05 1.351057999999999932e-05 1.473829000000000014e-05 1.594567000000000009e-05
1.212881666666666652e-05 1.012153333333333298e-05 8.080700000000000407e-06 5.914566666666666682e-06 3.470358333333333507e-06 2.666666666666666557e-09 3.424383333333333494e-06 5.740733333333333347e-06 7.695908333333333648e-06 9.450499999999998710e-06 1.107734999999999991e-05 1.261922499999999944e-05 1.409430833333333493e-05 1.552591666666666657e-05 1.690296666666666722e-05 1.827015833333333155e-05
1.359359285714285760e-05 1.139779999999999953e-05 9.094807142857141874e-06 6.623535714285714318e-06 3.837214285714286281e-06 1.355000000000000056e-08 3.683721428571428542e-06 6.250971428571427976e-06 8.444014285714285102e-06 1.042107142857142893e-05 1.225341428571428627e-05 1.398331428571428473e-05 1.563054999999999894e-05 1.721772142857142763e-05 1.873891428571428542e-05 2.023284285714285676e-05
1.480090000000000088e-05 1.242543125000000015e-05 9.912918750000000880e-06 7.200074999999999839e-06 4.140287499999999956e-06 4.735000000000000379e-08 3.905656250000000050e-06 6.684374999999999846e-06 9.076724999999999057e-06 1.123992500000000064e-05 1.324532500000000011e-05 1.513698125000000131e-05 1.692882500000000135e-05 1.865065624999999948e-05 2.029910624999999892e-05 2.190951875000000050e-05
1.577259444444444427e-05 1.324872222222222187e-05 1.056714999999999928e-05 7.661999999999998808e-06 4.385316666666666882e-06 1.283222222222222044e-07 4.095855555555556059e-06 7.053611111111111105e-06 9.614766666666666424e-06 1.193608888888888853e-05 1.408905000000000023e-05 1.611498888888888845e-05 1.803845555555555450e-05 1.987900000000000059e-05 2.164659444444444258e-05 2.335413888888888842e-05
1.656105499999999995e-05 1.391372500000000035e-05 1.109400999999999985e-05 8.033809999999999912e-06 4.584770000000000151e-06 2.897350000000000199e-07 4.262379999999999499e-06 7.371815000000000502e-06 1.007735499999999967e-05 1.253480499999999933e-05 1.481574499999999921e-05 1.696177999999999941e-05 1.899900999999999955e-05 2.094557499999999978e-05 2.281414000000000177e-05 2.461719000000000139e-05
