d = 4.5nm, k = 25, W = 4.08eV
transition voltages: 
1T'_relaxed vt_1 = -1.55V, vt_2 = 4.3889V
1T'_strained vt_1 = -3.705V, vt_2 = 0.362V
Q (eV/f.u.), V_2H (V), V_1T'_relaxed (V), V_1T'_strained (V)
-0.300000000000000	-10.2092191515861	-10.6632715067761	-10.5752191515861
-0.299300000000000	-10.1862376402324	-10.6374572065937	-10.5493536402324
-0.298600000000000	-10.1632561288787	-10.6116429064112	-10.5234881288787
-0.297900000000000	-10.1402746175250	-10.5858286062287	-10.4976226175250
-0.297200000000000	-10.1172931061713	-10.5600143060462	-10.4717571061713
-0.296500000000000	-10.0943115948176	-10.5342000058638	-10.4458915948176
-0.295800000000000	-10.0713300834639	-10.5083857056813	-10.4200260834639
-0.295100000000000	-10.0483485721102	-10.4825714054988	-10.3941605721102
-0.294400000000000	-10.0253670607565	-10.4567571053163	-10.3682950607565
-0.293700000000000	-10.0023855494028	-10.4309428051338	-10.3424295494028
-0.293000000000000	-9.97940403804913	-10.4051285049514	-10.3165640380491
-0.292300000000000	-9.95642252669543	-10.3793142047689	-10.2906985266954
-0.291600000000000	-9.93344101534173	-10.3534999045864	-10.2648330153417
-0.290900000000000	-9.91045950398803	-10.3276856044039	-10.2389675039880
-0.290200000000000	-9.88747799263433	-10.3018713042215	-10.2131019926343
-0.289500000000000	-9.86449648128063	-10.2760570040390	-10.1872364812806
-0.288800000000000	-9.84151496992693	-10.2502427038565	-10.1613709699269
-0.288100000000000	-9.81853345857322	-10.2244284036740	-10.1355054585732
-0.287400000000000	-9.79555194721952	-10.1986141034915	-10.1096399472195
-0.286700000000000	-9.77257043586582	-10.1727998033091	-10.0837744358658
-0.286000000000000	-9.74958892451212	-10.1469855031266	-10.0579089245121
-0.285300000000000	-9.72660741315842	-10.1211712029441	-10.0320434131584
-0.284600000000000	-9.70362590180472	-10.0953569027616	-10.0061779018047
-0.283900000000000	-9.68064439045102	-10.0695426025792	-9.98031239045102
-0.283200000000000	-9.65766287909732	-10.0437283023967	-9.95444687909732
-0.282500000000000	-9.63468136774361	-10.0179140022142	-9.92858136774362
-0.281800000000000	-9.61169985638991	-9.99209970203172	-9.90271585638992
-0.281100000000000	-9.58871834503621	-9.96628540184924	-9.87685034503622
-0.280400000000000	-9.56573683368251	-9.94047110166676	-9.85098483368251
-0.279700000000000	-9.54275532232881	-9.91465680148429	-9.82511932232881
-0.279000000000000	-9.51977381097511	-9.88884250130181	-9.79925381097511
-0.278300000000000	-9.49679229962141	-9.86302820111933	-9.77338829962141
-0.277600000000000	-9.47381078826771	-9.83721390093685	-9.74752278826771
-0.276900000000000	-9.45082927691401	-9.81139960075438	-9.72165727691401
-0.276200000000000	-9.42784776556031	-9.78558530057190	-9.69579176556031
-0.275500000000000	-9.40486625420660	-9.75977100038942	-9.66992625420661
-0.274800000000000	-9.38188474285290	-9.73395670020694	-9.64406074285291
-0.274100000000000	-9.35890323149920	-9.70814240002447	-9.61819523149921
-0.273400000000000	-9.33592172014550	-9.68232809984199	-9.59232972014550
-0.272700000000000	-9.31294020879180	-9.65651379965951	-9.56646420879180
-0.272000000000000	-9.28995869743810	-9.63069949947703	-9.54059869743810
-0.271300000000000	-9.26697718608440	-9.60488519929456	-9.51473318608440
-0.270600000000000	-9.24399567473070	-9.57907089911208	-9.48886767473070
-0.269900000000000	-9.22101416337700	-9.55325659892960	-9.46300216337700
-0.269200000000000	-9.19803265202330	-9.52744229874712	-9.43713665202330
-0.268500000000000	-9.17505114066960	-9.50162799856465	-9.41127114066960
-0.267800000000000	-9.15206962931590	-9.47581369838217	-9.38540562931590
-0.267100000000000	-9.12908811796219	-9.44999939819969	-9.35954011796220
-0.266400000000000	-9.10610660660849	-9.42418509801721	-9.33367460660849
-0.265700000000000	-9.08312509525479	-9.39837079783473	-9.30780909525479
-0.265000000000000	-9.06014358390109	-9.37255649765226	-9.28194358390109
-0.264300000000000	-9.03716207254739	-9.34674219746978	-9.25607807254739
-0.263600000000000	-9.01418056119369	-9.32092789728730	-9.23021256119369
-0.262900000000000	-8.99119904983999	-9.29511359710483	-9.20434704983999
-0.262200000000000	-8.96821753848629	-9.26929929692235	-9.17848153848629
-0.261500000000000	-8.94523602713259	-9.24348499673987	-9.15261602713259
-0.260800000000000	-8.92225451577888	-9.21767069655739	-9.12675051577889
-0.260100000000000	-8.89927300442518	-9.19185639637491	-9.10088500442519
-0.259400000000000	-8.87629149307148	-9.16604209619243	-9.07501949307148
-0.258700000000000	-8.85330998171778	-9.14022779600996	-9.04915398171778
-0.258000000000000	-8.83032847036408	-9.11441349582748	-9.02328847036408
-0.257300000000000	-8.80734695901038	-9.08859919564500	-8.99742295901038
-0.256600000000000	-8.78436544765668	-9.06278489546252	-8.97155744765668
-0.255900000000000	-8.76138393630298	-9.03697059528005	-8.94569193630298
-0.255200000000000	-8.73840242494928	-9.01115629509757	-8.91982642494928
-0.254500000000000	-8.71542091359558	-8.98534199491509	-8.89396091359558
-0.253800000000000	-8.69243940224187	-8.95952769473261	-8.86809540224188
-0.253100000000000	-8.66945789088817	-8.93371339455014	-8.84222989088818
-0.252400000000000	-8.64647637953447	-8.90789909436766	-8.81636437953448
-0.251700000000000	-8.62349486818077	-8.88208479418518	-8.79049886818077
-0.251000000000000	-8.60051335682707	-8.85627049400270	-8.76463335682707
-0.250300000000000	-8.57753184547337	-8.83045619382022	-8.73876784547337
-0.249600000000000	-8.55455033411967	-8.80464189363775	-8.71290233411967
-0.248900000000000	-8.53156882276597	-8.77882759345527	-8.68703682276597
-0.248200000000000	-8.50858731141227	-8.75301329327279	-8.66117131141227
-0.247500000000000	-8.48560580005857	-8.72719899309032	-8.63530580005857
-0.246800000000000	-8.46262428870486	-8.70138469290784	-8.60944028870487
-0.246100000000000	-8.43964277735116	-8.67557039272536	-8.58357477735117
-0.245400000000000	-8.41666126599746	-8.64975609254288	-8.55770926599747
-0.244700000000000	-8.39367975464376	-8.62394179236040	-8.53184375464376
-0.244000000000000	-8.37069824329006	-8.59812749217793	-8.50597824329006
-0.243300000000000	-8.34771673193636	-8.57231319199545	-8.48011273193636
-0.242600000000000	-8.32473522058266	-8.54649889181297	-8.45424722058266
-0.241900000000000	-8.30175370922896	-8.52068459163049	-8.42838170922896
-0.241200000000000	-8.27877219787526	-8.49487029144802	-8.40251619787526
-0.240500000000000	-8.25579068652156	-8.46905599126554	-8.37665068652156
-0.239800000000000	-8.23280917516786	-8.44324169108306	-8.35078517516786
-0.239100000000000	-8.20982766381415	-8.41742739090058	-8.32491966381416
-0.238400000000000	-8.18684615246045	-8.39161309071811	-8.29905415246046
-0.237700000000000	-8.16386464110675	-8.36579879053563	-8.27318864110675
-0.237000000000000	-8.14088312975305	-8.33998449035315	-8.24732312975305
-0.236300000000000	-8.11790161839935	-8.31417019017067	-8.22145761839935
-0.235600000000000	-8.09492010704565	-8.28835588998819	-8.19559210704565
-0.234900000000000	-8.07193859569195	-8.26254158980572	-8.16972659569195
-0.234200000000000	-8.04895708433825	-8.23672728962324	-8.14386108433825
-0.233500000000000	-8.02597557298455	-8.21091298944076	-8.11799557298455
-0.232800000000000	-8.00299406163085	-8.18509868925828	-8.09213006163085
-0.232100000000000	-7.98001255027714	-8.15928438907581	-8.06626455027715
-0.231400000000000	-7.95703103892344	-8.13347008889333	-8.04039903892345
-0.230700000000000	-7.93404952756974	-8.10765578871085	-8.01453352756974
-0.230000000000000	-7.91106801621604	-8.08184148852837	-7.98866801621604
-0.229300000000000	-7.88808650486234	-8.05602718834590	-7.96280250486234
-0.228600000000000	-7.86510499350864	-8.03021288816342	-7.93693699350864
-0.227900000000000	-7.84212348215494	-8.00439858798094	-7.91107148215494
-0.227200000000000	-7.81914197080124	-7.97858428779846	-7.88520597080124
-0.226500000000000	-7.79616045944754	-7.95276998761598	-7.85934045944754
-0.225800000000000	-7.77317894809383	-7.92695568743351	-7.83347494809384
-0.225100000000000	-7.75019743674013	-7.90114138725103	-7.80760943674014
-0.224400000000000	-7.72721592538643	-7.87532708706855	-7.78174392538644
-0.223700000000000	-7.70423441403273	-7.84951278688608	-7.75587841403273
-0.223000000000000	-7.68125290267903	-7.82369848670360	-7.73001290267903
-0.222300000000000	-7.65827139132533	-7.79788418652112	-7.70414739132533
-0.221600000000000	-7.63528987997163	-7.77206988633864	-7.67828187997163
-0.220900000000000	-7.61230836861793	-7.74625558615616	-7.65241636861793
-0.220200000000000	-7.58932685726423	-7.72044128597369	-7.62655085726423
-0.219500000000000	-7.56634534591053	-7.69462698579121	-7.60068534591053
-0.218800000000000	-7.54336383455683	-7.66881268560873	-7.57481983455683
-0.218100000000000	-7.52038232320312	-7.64299838542625	-7.54895432320313
-0.217400000000000	-7.49740081184942	-7.61718408524378	-7.52308881184943
-0.216700000000000	-7.47441930049572	-7.59136978506130	-7.49722330049572
-0.216000000000000	-7.45143778914202	-7.56555548487882	-7.47135778914202
-0.215300000000000	-7.42845627778832	-7.53974118469634	-7.44549227778832
-0.214600000000000	-7.40547476643462	-7.51392688451387	-7.41962676643462
-0.213900000000000	-7.38249325508092	-7.48811258433139	-7.39376125508092
-0.213200000000000	-7.35951174372722	-7.46229828414891	-7.36789574372722
-0.212500000000000	-7.33653023237352	-7.43648398396643	-7.34203023237352
-0.211800000000000	-7.31354872101982	-7.41066968378395	-7.31616472101982
-0.211100000000000	-7.29056720966612	-7.38485538360148	-7.29029920966612
-0.210400000000000	-7.26758569831241	-7.35904108341900	-7.26443369831241
-0.209700000000000	-7.24460418695871	-7.33322678323652	-7.23856818695871
-0.209000000000000	-7.22162267560501	-7.30741248305404	-7.21270267560501
-0.208300000000000	-7.19864116425131	-7.28159818287157	-7.18683716425131
-0.207600000000000	-7.17565965289761	-7.25578388268909	-7.16097165289761
-0.206900000000000	-7.15267814154391	-7.22996958250661	-7.13510614154391
-0.206200000000000	-7.12969663019021	-7.20415528232413	-7.10924063019021
-0.205500000000000	-7.10671511883651	-7.17834098214166	-7.08337511883651
-0.204800000000000	-7.08373360748280	-7.15252668195918	-7.05750960748281
-0.204100000000000	-7.06075209612910	-7.12671238177670	-7.03164409612911
-0.203400000000000	-7.03777058477540	-7.10089808159422	-7.00577858477540
-0.202700000000000	-7.01478907342170	-7.07508378141174	-6.97991307342170
-0.202000000000000	-6.99180756206800	-7.04926948122927	-6.95404756206800
-0.201300000000000	-6.96882605071430	-7.02345518104679	-6.92818205071430
-0.200600000000000	-6.94584453936060	-6.99764088086431	-6.90231653936060
-0.199900000000000	-6.92286302800690	-6.97182658068183	-6.87645102800690
-0.199200000000000	-6.89988151665320	-6.94601228049936	-6.85058551665320
-0.198500000000000	-6.87690000529950	-6.92019798031688	-6.82472000529950
-0.197800000000000	-6.85391849394580	-6.89438368013440	-6.79885449394580
-0.197100000000000	-6.83093698259209	-6.86856937995192	-6.77298898259210
-0.196400000000000	-6.80795547123839	-6.84275507976945	-6.74712347123839
-0.195700000000000	-6.78497395988469	-6.81694077958697	-6.72125795988469
-0.195000000000000	-6.76199244853099	-6.79112647940449	-6.69539244853099
-0.194300000000000	-6.73901093717729	-6.76531217922201	-6.66952693717729
-0.193600000000000	-6.71602942582359	-6.73949787903954	-6.64366142582359
-0.192900000000000	-6.69304791446989	-6.71368357885706	-6.61779591446989
-0.192200000000000	-6.67006640311619	-6.68786927867458	-6.59193040311619
-0.191500000000000	-6.64708489176249	-6.66205497849210	-6.56606489176249
-0.190800000000000	-6.62410338040879	-6.63624067830962	-6.54019938040879
-0.190100000000000	-6.60112186905509	-6.61042637812715	-6.51433386905509
-0.189400000000000	-6.57814035770138	-6.58461207794467	-6.48846835770139
-0.188700000000000	-6.55515884634768	-6.55879777776219	-6.46260284634768
-0.188000000000000	-6.53217733499398	-6.53298347757971	-6.43673733499398
-0.187300000000000	-6.50919582364028	-6.50716917739724	-6.41087182364028
-0.186600000000000	-6.48621431228658	-6.48135487721476	-6.38500631228658
-0.185900000000000	-6.46323280093288	-6.45554057703228	-6.35914080093288
-0.185200000000000	-6.44025128957918	-6.42972627684980	-6.33327528957918
-0.184500000000000	-6.41726977822548	-6.40391197666733	-6.30740977822548
-0.183800000000000	-6.39428826687178	-6.37809767648485	-6.28154426687178
-0.183100000000000	-6.37130675551807	-6.35228337630237	-6.25567875551808
-0.182400000000000	-6.34832524416437	-6.32646907611989	-6.22981324416438
-0.181700000000000	-6.32534373281067	-6.30065477593741	-6.20394773281067
-0.181000000000000	-6.30236222145697	-6.27484047575494	-6.17808222145697
-0.180300000000000	-6.27938071010327	-6.24902617557246	-6.15221671010327
-0.179600000000000	-6.25639919874957	-6.22321187538998	-6.12635119874957
-0.178900000000000	-6.23341768739587	-6.19739757520750	-6.10048568739587
-0.178200000000000	-6.21043617604217	-6.17158327502503	-6.07462017604217
-0.177500000000000	-6.18745466468847	-6.14576897484255	-6.04875466468847
-0.176800000000000	-6.16447315333477	-6.11995467466007	-6.02288915333477
-0.176100000000000	-6.14149164198106	-6.09414037447759	-5.99702364198107
-0.175400000000000	-6.11851013062736	-6.06832607429512	-5.97115813062737
-0.174700000000000	-6.09552861927366	-6.04251177411264	-5.94529261927366
-0.174000000000000	-6.07254710791996	-6.01669747393016	-5.91942710791996
-0.173300000000000	-6.04956559656626	-5.99088317374768	-5.89356159656626
-0.172600000000000	-6.02658408521256	-5.96506887356521	-5.86769608521256
-0.171900000000000	-6.00360257385886	-5.93925457338273	-5.84183057385886
-0.171200000000000	-5.98062106250516	-5.91344027320025	-5.81596506250516
-0.170500000000000	-5.95763955115146	-5.88762597301777	-5.79009955115146
-0.169800000000000	-5.93465803979776	-5.86181167283529	-5.76423403979776
-0.169100000000000	-5.91167652844405	-5.83599737265282	-5.73836852844405
-0.168400000000000	-5.88869501709035	-5.81018307247034	-5.71250301709036
-0.167700000000000	-5.86571350573665	-5.78436877228786	-5.68663750573665
-0.167000000000000	-5.84273199438295	-5.75855447210538	-5.66077199438295
-0.166300000000000	-5.81975048302925	-5.73274017192291	-5.63490648302925
-0.165600000000000	-5.79676897167555	-5.70692587174043	-5.60904097167555
-0.164900000000000	-5.77378746032185	-5.68111157155795	-5.58317546032185
-0.164200000000000	-5.75080594896815	-5.65529727137547	-5.55730994896815
-0.163500000000000	-5.72782443761445	-5.62948297119300	-5.53144443761445
-0.162800000000000	-5.70484292626075	-5.60366867101052	-5.50557892626075
-0.162100000000000	-5.68186141490705	-5.57785437082804	-5.47971341490705
-0.161400000000000	-5.65887990355334	-5.55204007064556	-5.45384790355334
-0.160700000000000	-5.63589839219964	-5.52622577046309	-5.42798239219964
-0.160000000000000	-5.61291688084594	-5.50041147028061	-5.40211688084594
-0.159300000000000	-5.58993536949224	-5.47459717009813	-5.37625136949224
-0.158600000000000	-5.56695385813854	-5.44878286991565	-5.35038585813854
-0.157900000000000	-5.54397234678484	-5.42296856973317	-5.32452034678484
-0.157200000000000	-5.52099083543114	-5.39715426955070	-5.29865483543114
-0.156500000000000	-5.49800932407744	-5.37133996936822	-5.27278932407744
-0.155800000000000	-5.47502781272374	-5.34552566918574	-5.24692381272374
-0.155100000000000	-5.45204630137004	-5.31971136900326	-5.22105830137004
-0.154400000000000	-5.42906479001633	-5.29389706882079	-5.19519279001633
-0.153700000000000	-5.40608327866263	-5.26808276863831	-5.16932727866263
-0.153000000000000	-5.38310176730893	-5.24226846845583	-5.14346176730893
-0.152300000000000	-5.36012025595523	-5.21645416827335	-5.11759625595523
-0.151600000000000	-5.33713874460153	-5.19063986809088	-5.09173074460153
-0.150900000000000	-5.31415723324783	-5.16482556790840	-5.06586523324783
-0.150200000000000	-5.29117572189413	-5.13901126772592	-5.03999972189413
-0.149500000000000	-5.26819421054043	-5.11319696754344	-5.01413421054043
-0.148800000000000	-5.24521269918673	-5.08738266736097	-4.98826869918673
-0.148100000000000	-5.22223118783302	-5.06156836717849	-4.96240318783303
-0.147400000000000	-5.19924967647932	-5.03575406699601	-4.93653767647932
-0.146700000000000	-5.17626816512562	-5.00993976681353	-4.91067216512562
-0.146000000000000	-5.15328665377192	-4.98412546663105	-4.88480665377192
-0.145300000000000	-5.13030514241822	-4.95831116644858	-4.85894114241822
-0.144600000000000	-5.10732363106452	-4.93249686626610	-4.83307563106452
-0.143900000000000	-5.08434211971082	-4.90668256608362	-4.80721011971082
-0.143200000000000	-5.06136060835712	-4.88086826590114	-4.78134460835712
-0.142500000000000	-5.03837909700342	-4.85505396571867	-4.75547909700342
-0.141800000000000	-5.01539758564972	-4.82923966553619	-4.72961358564972
-0.141100000000000	-4.99241607429602	-4.80342536535371	-4.70374807429602
-0.140400000000000	-4.96943456294231	-4.77761106517123	-4.67788256294231
-0.139700000000000	-4.94645305158861	-4.75179676498876	-4.65201705158861
-0.139000000000000	-4.92347154023491	-4.72598246480628	-4.62615154023491
-0.138300000000000	-4.90049002888121	-4.70016816462380	-4.60028602888121
-0.137600000000000	-4.87750851752751	-4.67435386444132	-4.57442051752751
-0.136900000000000	-4.85452700617381	-4.64853956425884	-4.54855500617381
-0.136200000000000	-4.83154549482011	-4.62272526407637	-4.52268949482011
-0.135500000000000	-4.80856398346641	-4.59691096389389	-4.49682398346641
-0.134800000000000	-4.78558247211271	-4.57109666371141	-4.47095847211271
-0.134100000000000	-4.76260096075901	-4.54528236352894	-4.44509296075901
-0.133400000000000	-4.73961944940530	-4.51946806334646	-4.41922744940530
-0.132700000000000	-4.71663793805160	-4.49365376316398	-4.39336193805160
-0.132000000000000	-4.69365642669790	-4.46783946298150	-4.36749642669790
-0.131300000000000	-4.67067491534420	-4.44202516279902	-4.34163091534420
-0.130600000000000	-4.64769340399050	-4.41621086261655	-4.31576540399050
-0.129900000000000	-4.62471189263680	-4.39039656243407	-4.28989989263680
-0.129200000000000	-4.60173038128310	-4.36458226225159	-4.26403438128310
-0.128500000000000	-4.57874886992940	-4.33876796206911	-4.23816886992940
-0.127800000000000	-4.55576735857570	-4.31295366188664	-4.21230335857570
-0.127100000000000	-4.53278584722200	-4.28713936170416	-4.18643784722200
-0.126400000000000	-4.50980433586829	-4.26132506152168	-4.16057233586829
-0.125700000000000	-4.48682282451459	-4.23551076133920	-4.13470682451459
-0.125000000000000	-4.46384131316089	-4.20969646115672	-4.10884131316089
-0.124300000000000	-4.44085980180719	-4.18388216097425	-4.08297580180719
-0.123600000000000	-4.41787829045349	-4.15806786079177	-4.05711029045349
-0.122900000000000	-4.39489677909979	-4.13225356060929	-4.03124477909979
-0.122200000000000	-4.37191526774609	-4.10643926042681	-4.00537926774609
-0.121500000000000	-4.34893375639239	-4.08062496024434	-3.97951375639239
-0.120800000000000	-4.32595224503869	-4.05481066006186	-3.95364824503869
-0.120100000000000	-4.30297073368499	-4.02899635987938	-3.92778273368499
-0.119400000000000	-4.27998922233128	-4.00318205969690	-3.90191722233129
-0.118700000000000	-4.25700771097758	-3.97736775951443	-3.87605171097758
-0.118000000000000	-4.23402619962388	-3.95155345933195	-3.85018619962388
-0.117300000000000	-4.21104468827018	-3.92573915914947	-3.82432068827018
-0.116600000000000	-4.18806317691648	-3.89992485896699	-3.79845517691648
-0.115900000000000	-4.16508166556278	-3.87411055878451	-3.77258966556278
-0.115200000000000	-4.14210015420908	-3.84829625860204	-3.74672415420908
-0.114500000000000	-4.11911864285538	-3.82248195841956	-3.72085864285538
-0.113800000000000	-4.09613713150168	-3.79666765823708	-3.69499313150168
-0.113100000000000	-4.07315562014798	-3.77085335805460	-3.66912762014798
-0.112400000000000	-4.05017410879427	-3.74503905787213	-3.64326210879428
-0.111700000000000	-4.02719259744057	-3.71922475768965	-3.61739659744057
-0.111000000000000	-4.00421108608687	-3.69341045750717	-3.59153108608687
-0.110300000000000	-3.98122957473317	-3.66759615732469	-3.56566557473317
-0.109600000000000	-3.95824806337947	-3.64178185714222	-3.53980006337947
-0.108900000000000	-3.93526655202577	-3.61596755695974	-3.51393455202577
-0.108200000000000	-3.91228504067207	-3.59015325677726	-3.48806904067207
-0.107500000000000	-3.88930352931837	-3.56433895659478	-3.46220352931837
-0.106800000000000	-3.86632201796467	-3.53852465641231	-3.43633801796467
-0.106100000000000	-3.84334050661097	-3.51271035622983	-3.41047250661097
-0.105400000000000	-3.82035899525726	-3.48689605604735	-3.38460699525726
-0.104700000000000	-3.79737748390356	-3.46108175586487	-3.35874148390356
-0.104000000000000	-3.77439597254986	-3.43526745568239	-3.33287597254986
-0.103300000000000	-3.75141446119616	-3.40945315549992	-3.30701046119616
-0.102600000000000	-3.72843294984246	-3.38363885531744	-3.28114494984246
-0.101900000000000	-3.70545143848876	-3.35782455513496	-3.25527943848876
-0.101200000000000	-3.68246992713506	-3.33201025495248	-3.22941392713506
-0.100500000000000	-3.65948841578136	-3.30619595477001	-3.20354841578136
-0.0998000000000000	-3.63650690442766	-3.28038165458753	-3.17768290442766
-0.0991000000000000	-3.61352539307396	-3.25456735440505	-3.15181739307396
-0.0984000000000000	-3.59054388172025	-3.22875305422257	-3.12595188172025
-0.0977000000000000	-3.56756237036655	-3.20293875404010	-3.10008637036655
-0.0970000000000000	-3.54458085901285	-3.17712445385762	-3.07422085901285
-0.0963000000000000	-3.52159934765915	-3.15131015367514	-3.04835534765915
-0.0956000000000000	-3.49861783630545	-3.12549585349266	-3.02248983630545
-0.0949000000000000	-3.47563632495175	-3.09968155331018	-2.99662432495175
-0.0942000000000000	-3.45265481359805	-3.07386725312771	-2.97075881359805
-0.0935000000000000	-3.42967330224435	-3.04805295294523	-2.94489330224435
-0.0928000000000000	-3.40669179089065	-3.02223865276275	-2.91902779089065
-0.0921000000000000	-3.38371027953695	-2.99642435258028	-2.89316227953695
-0.0914000000000000	-3.36072876818324	-2.97061005239780	-2.86729676818324
-0.0907000000000000	-3.33774725682954	-2.94479575221532	-2.84143125682954
-0.0900000000000000	-3.31476574547584	-2.91898145203284	-2.81556574547584
-0.0893000000000000	-3.29178423412214	-2.89316715185036	-2.78970023412214
-0.0886000000000000	-3.26880272276844	-2.86735285166789	-2.76383472276844
-0.0879000000000000	-3.24582121141474	-2.84153855148541	-2.73796921141474
-0.0872000000000000	-3.22283970006104	-2.81572425130293	-2.71210370006104
-0.0865000000000000	-3.19985818870734	-2.78990995112045	-2.68623818870734
-0.0858000000000000	-3.17687667735364	-2.76409565093798	-2.66037267735364
-0.0851000000000000	-3.15389516599994	-2.73828135075550	-2.63450716599994
-0.0844000000000000	-3.13091365464623	-2.71246705057302	-2.60864165464624
-0.0837000000000000	-3.10793214329253	-2.68665275039054	-2.58277614329253
-0.0830000000000000	-3.08495063193883	-2.66083845020806	-2.55691063193883
-0.0823000000000000	-3.06196912058513	-2.63502415002559	-2.53104512058513
-0.0816000000000000	-3.03898760923143	-2.60920984984311	-2.50517960923143
-0.0809000000000000	-3.01600609787773	-2.58339554966063	-2.47931409787773
-0.0802000000000000	-2.99302458652403	-2.55758124947815	-2.45344858652403
-0.0795000000000000	-2.97004307517033	-2.53176694929568	-2.42758307517033
-0.0788000000000000	-2.94706156381663	-2.50595264911320	-2.40171756381663
-0.0781000000000000	-2.92408005246293	-2.48013834893072	-2.37585205246293
-0.0774000000000000	-2.90109854110922	-2.45432404874824	-2.34998654110923
-0.0767000000000000	-2.87811702975552	-2.42850974856577	-2.32412102975552
-0.0760000000000000	-2.85513551840182	-2.40269544838329	-2.29825551840182
-0.0753000000000000	-2.83215400704812	-2.37688114820081	-2.27239000704812
-0.0746000000000000	-2.80917249569442	-2.35106684801833	-2.24652449569442
-0.0739000000000000	-2.78619098434072	-2.32525254783586	-2.22065898434072
-0.0732000000000000	-2.76320947298702	-2.29943824765338	-2.19479347298702
-0.0725000000000000	-2.74022796163332	-2.27362394747090	-2.16892796163332
-0.0718000000000000	-2.71724645027962	-2.24780964728842	-2.14306245027962
-0.0711000000000000	-2.69426493892592	-2.22199534710595	-2.11719693892592
-0.0704000000000000	-2.67128342757221	-2.19618104692347	-2.09133142757221
-0.0697000000000000	-2.64830191621851	-2.17036674674099	-2.06546591621851
-0.0690000000000000	-2.62532040486481	-2.14455244655851	-2.03960040486481
-0.0683000000000000	-2.60233889351111	-2.11873814637603	-2.01373489351111
-0.0676000000000000	-2.57935738215741	-2.09292384619356	-1.98786938215741
-0.0669000000000000	-2.55637587080371	-2.06710954601108	-1.96200387080371
-0.0662000000000000	-2.53339435945001	-2.04129524582860	-1.93613835945001
-0.0655000000000000	-2.51041284809631	-2.01548094564612	-1.91027284809631
-0.0648000000000000	-2.48743133674261	-1.98966664546365	-1.88440733674261
-0.0641000000000000	-2.46444982538891	-1.96385234528117	-1.85854182538891
-0.0634000000000000	-2.44146831403520	-1.93803804509869	-1.83267631403520
-0.0627000000000000	-2.41848680268150	-1.91222374491621	-1.80681080268150
-0.0620000000000000	-2.39550529132780	-1.88640944473374	-1.78094529132780
-0.0613000000000000	-2.37252377997410	-1.86059514455126	-1.75507977997410
-0.0606000000000000	-2.34954226862040	-1.83478084436878	-1.72921426862040
-0.0599000000000000	-2.32656075726670	-1.80896654418630	-1.70334875726670
-0.0592000000000000	-2.30357924591300	-1.78315224400382	-1.67748324591300
-0.0585000000000000	-2.28059773455930	-1.75733794382135	-1.65161773455930
-0.0578000000000000	-2.25761622320560	-1.73152364363887	-1.62575222320560
-0.0571000000000000	-2.23463471185190	-1.70570934345639	-1.59988671185190
-0.0564000000000000	-2.21165320049819	-1.67989504327391	-1.57402120049820
-0.0557000000000000	-2.18867168914449	-1.65408074309144	-1.54815568914449
-0.0550000000000000	-2.16569017779079	-1.62826644290896	-1.52229017779079
-0.0543000000000000	-2.14270866643709	-1.60245214272648	-1.49642466643709
-0.0536000000000000	-2.11972715508339	-1.57663784254400	-1.47055915508339
-0.0529000000000000	-2.09674564372969	-1.55082354236153	-1.44469364372969
-0.0522000000000000	-2.07376413237599	-1.52500924217905	-1.41882813237599
-0.0515000000000000	-2.05078262102229	-1.49919494199657	-1.39296262102229
-0.0508000000000000	-2.02780110966859	-1.47338064181409	-1.36709710966859
-0.0501000000000000	-2.00481959831489	-1.44756634163162	-1.34123159831489
-0.0494000000000000	-1.98183808696118	-1.42175204144914	-1.31536608696119
-0.0487000000000000	-1.95885657560748	-1.39593774126666	-1.28950057560748
-0.0480000000000000	-1.93587506425378	-1.37012344108418	-1.26363506425378
-0.0473000000000000	-1.91289355290008	-1.34430914090170	-1.23776955290008
-0.0466000000000000	-1.88991204154638	-1.31849484071923	-1.21190404154638
-0.0459000000000000	-1.86693053019268	-1.29268054053675	-1.18603853019268
-0.0452000000000000	-1.84394901883898	-1.26686624035427	-1.16017301883898
-0.0445000000000000	-1.82096750748528	-1.24105194017180	-1.13430750748528
-0.0438000000000000	-1.79798599613158	-1.21523763998932	-1.10844199613158
-0.0431000000000000	-1.77500448477788	-1.18942333980684	-1.08257648477788
-0.0424000000000001	-1.75202297342418	-1.16360903962436	-1.05671097342418
-0.0417000000000000	-1.72904146207047	-1.13779473944188	-1.03084546207047
-0.0410000000000000	-1.70605995071677	-1.11198043925940	-1.00497995071677
-0.0403000000000000	-1.68307843936307	-1.08616613907693	-0.979114439363072
-0.0396000000000000	-1.66009692800937	-1.06035183889445	-0.953248928009372
-0.0389000000000000	-1.63711541665567	-1.03453753871197	-0.927383416655672
-0.0382000000000000	-1.61413390530197	-1.00872323852949	-0.901517905301967
-0.0375000000000000	-1.59115239394827	-0.982908938347016	-0.875652393948267
-0.0368000000000000	-1.56817088259457	-0.957094638164539	-0.849786882594567
-0.0361000000000000	-1.54518937124087	-0.931280337982062	-0.823921371240867
-0.0354000000000000	-1.52220785988717	-0.905466037799586	-0.798055859887167
-0.0347000000000000	-1.49922634853346	-0.879651737617105	-0.772190348533462
-0.0340000000000000	-1.47624483717976	-0.853837437434628	-0.746324837179762
-0.0333000000000000	-1.45326332582606	-0.828023137252151	-0.720459325826062
-0.0326000000000000	-1.43028181447236	-0.802208837069674	-0.694593814472362
-0.0319000000000000	-1.40730030311866	-0.776394536887197	-0.668728303118662
-0.0312000000000001	-1.38431879176496	-0.750580236704721	-0.642862791764961
-0.0305000000000000	-1.36133728041126	-0.724765936522239	-0.616997280411257
-0.0298000000000000	-1.33835576905756	-0.698951636339763	-0.591131769057557
-0.0291000000000000	-1.31537425770386	-0.673137336157286	-0.565266257703857
-0.0284000000000000	-1.29239274635016	-0.647323035974809	-0.539400746350156
-0.0277000000000001	-1.26941123499646	-0.621508735792332	-0.513535234996456
-0.0270000000000000	-1.24642972364275	-0.595694435609851	-0.487669723642752
-0.0263000000000000	-1.22344821228905	-0.569880135427374	-0.461804212289052
-0.0256000000000000	-1.20046670093535	-0.544065835244897	-0.435938700935352
-0.0249000000000000	-1.17748518958165	-0.518251535062421	-0.410073189581651
-0.0242000000000001	-1.15450367822795	-0.492437234879944	-0.384207678227951
-0.0235000000000000	-1.13152216687425	-0.466622934697463	-0.358342166874247
-0.0228000000000000	-1.10854065552055	-0.440808634514986	-0.332476655520547
-0.0221000000000000	-1.08555914416685	-0.414994334332509	-0.306611144166846
-0.0214000000000000	-1.06257763281315	-0.389180034150032	-0.280745632813146
-0.0207000000000001	-1.03959612145945	-0.363365733967555	-0.254880121459446
-0.0200000000000000	-1.01661461010574	-0.337551433785074	-0.229014610105742
-0.0193000000000000	-0.993633098752041	-0.311737133602597	-0.203149098752041
-0.0186000000000000	-0.970651587398341	-0.285922833420121	-0.177283587398341
-0.0179000000000000	-0.947670076044641	-0.260108533237644	-0.151418076044641
-0.0172000000000001	-0.924688564690940	-0.234294233055167	-0.125552564690941
-0.0165000000000000	-0.901707053337238	-0.208479932872688	-0.0996870533372386
-0.0158000000000000	-0.878725541983536	-0.182665632690209	-0.0738215419835363
-0.0151000000000000	-0.855744030629836	-0.156851332507732	-0.0479560306298361
-0.0144000000000000	-0.832762519276135	-0.131037032325255	-0.0220905192761359
-0.0137000000000000	-0.809781007922435	-0.105222732142778	0.00377499207756427
-0.0130000000000000	-0.786799496568733	-0.0794084319602995	0.0296405034312666
-0.0123000000000000	-0.763817985215031	-0.0535941317778205	0.0555060147849688
-0.0116000000000000	-0.740836473861331	-0.0277798315953437	0.0813715261386690
-0.0109000000000000	-0.717854962507630	-0.00196553141286682	0.107237037492369
-0.0102000000000000	-0.694873451153930	0.0238487687696101	0.133102548846069
-0.00950000000000001	-0.671891939800228	0.0496630689520889	0.158968060199772
-0.00879999999999998	-0.648910428446526	0.0754773691345679	0.184833571553474
-0.00810000000000000	-0.625928917092826	0.101291669317045	0.210699082907174
-0.00740000000000002	-0.602947405739125	0.127105969499522	0.236564594260874
-0.00670000000000004	-0.579965894385425	0.152920269681998	0.262430105614574
-0.00600000000000001	-0.556984383031723	0.178734569864477	0.288295616968277
-0.00530000000000003	-0.534002871678023	0.204548870046954	0.314161128321977
-0.00459999999999999	-0.511021360324320	0.230363170229433	0.340026639675679
-0.00390000000000001	-0.488039848970620	0.256177470411910	0.365892151029379
-0.00320000000000004	-0.465058337616920	0.281991770594387	0.391757662383080
-0.00250000000000000	-0.442076826263218	0.307806070776866	0.417623173736782
-0.00180000000000002	-0.419095314909518	0.333620370959343	0.443488685090482
-0.00109999999999999	-0.396113803555815	0.359434671141822	0.469354196444184
-0.000400000000000011	-0.373132292202115	0.385248971324298	0.495219707797885
0.000299999999999967	0.601655219151585	0.411063271506775	0.521085219151585
0.00100000000000000	0.628850730505287	0.436877571689254	0.546950730505287
0.00169999999999998	0.656046241858987	0.462691871871731	0.572816241858987
0.00240000000000001	0.683241753212690	0.488506172054210	0.598681753212690
0.00309999999999999	0.710437264566390	0.514320472236687	0.624547264566390
0.00379999999999997	0.737632775920090	0.540134772419164	0.650412775920090
0.00450000000000000	0.764828287273792	0.565949072601643	0.676278287273792
0.00519999999999998	0.792023798627492	0.591763372784119	0.702143798627492
0.00589999999999996	0.819219309981192	0.617577672966596	0.728009309981192
0.00660000000000000	0.846414821334895	0.643391973149075	0.753874821334895
0.00729999999999997	0.873610332688595	0.669206273331552	0.779740332688595
0.00800000000000001	0.900805844042297	0.695020573514031	0.805605844042297
0.00869999999999999	0.928001355395997	0.720834873696508	0.831471355395997
0.00939999999999996	0.955196866749698	0.746649173878985	0.857336866749698
0.0101000000000000	0.982392378103400	0.772463474061464	0.883202378103400
0.0108000000000000	1.00958788945710	0.798277774243941	0.909067889457100
0.0115000000000000	1.03678340081080	0.824092074426419	0.934933400810802
0.0122000000000000	1.06397891216450	0.849906374608896	0.960798912164502
0.0129000000000000	1.09117442351820	0.875720674791373	0.986664423518203
0.0136000000000000	1.11836993487191	0.901534974973852	1.01252993487191
0.0143000000000000	1.14556544622561	0.927349275156329	1.03839544622561
0.0150000000000000	1.17276095757931	0.953163575338808	1.06426095757931
0.0157000000000000	1.19995646893301	0.978977875521285	1.09012646893301
0.0164000000000000	1.22715198028671	1.00479217570376	1.11599198028671
0.0171000000000000	1.25434749164041	1.03060647588624	1.14185749164041
0.0178000000000000	1.28154300299411	1.05642077606872	1.16772300299411
0.0185000000000000	1.30873851434781	1.08223507625120	1.19358851434781
0.0192000000000000	1.33593402570151	1.10804937643367	1.21945402570151
0.0199000000000000	1.36312953705521	1.13386367661615	1.24531953705521
0.0206000000000000	1.39032504840891	1.15967797679863	1.27118504840891
0.0213000000000000	1.41752055976262	1.18549227698111	1.29705055976262
0.0220000000000000	1.44471607111632	1.21130657716358	1.32291607111632
0.0227000000000000	1.47191158247002	1.23712087734606	1.34878158247002
0.0234000000000000	1.49910709382372	1.26293517752854	1.37464709382372
0.0241000000000000	1.52630260517742	1.28874947771102	1.40051260517742
0.0248000000000000	1.55349811653112	1.31456377789349	1.42637811653112
0.0255000000000000	1.58069362788482	1.34037807807597	1.45224362788482
0.0262000000000000	1.60788913923852	1.36619237825845	1.47810913923852
0.0269000000000000	1.63508465059222	1.39200667844093	1.50397465059222
0.0276000000000000	1.66228016194592	1.41782097862340	1.52984016194592
0.0283000000000000	1.68947567329963	1.44363527880588	1.55570567329963
0.0290000000000000	1.71667118465333	1.46944957898836	1.58157118465333
0.0297000000000000	1.74386669600703	1.49526387917084	1.60743669600703
0.0304000000000000	1.77106220736073	1.52107817935332	1.63330220736073
0.0311000000000000	1.79825771871443	1.54689247953579	1.65916771871443
0.0317999999999999	1.82545323006813	1.57270677971827	1.68503323006813
0.0325000000000000	1.85264874142183	1.59852107990075	1.71089874142183
0.0332000000000000	1.87984425277553	1.62433538008323	1.73676425277553
0.0339000000000000	1.90703976412923	1.65014968026570	1.76262976412923
0.0346000000000000	1.93423527548293	1.67596398044818	1.78849527548293
0.0352999999999999	1.96143078683663	1.70177828063066	1.81436078683663
0.0360000000000000	1.98862629819034	1.72759258081314	1.84022629819034
0.0367000000000000	2.01582180954404	1.75340688099562	1.86609180954404
0.0374000000000000	2.04301732089774	1.77922118117809	1.89195732089774
0.0381000000000000	2.07021283225144	1.80503548136057	1.91782283225144
0.0387999999999999	2.09740834360514	1.83084978154305	1.94368834360514
0.0395000000000000	2.12460385495884	1.85666408172553	1.96955385495884
0.0402000000000000	2.15179936631254	1.88247838190800	1.99541936631254
0.0409000000000000	2.17899487766624	1.90829268209048	2.02128487766624
0.0416000000000000	2.20619038901994	1.93410698227296	2.04715038901994
0.0423000000000000	2.23338590037364	1.95992128245543	2.07301590037364
0.0430000000000000	2.26058141172735	1.98573558263792	2.09888141172735
0.0437000000000000	2.28777692308105	2.01154988282039	2.12474692308105
0.0444000000000000	2.31497243443475	2.03736418300287	2.15061243443475
0.0451000000000000	2.34216794578845	2.06317848318535	2.17647794578845
0.0458000000000000	2.36936345714215	2.08899278336782	2.20234345714215
0.0465000000000000	2.39655896849585	2.11480708355030	2.22820896849585
0.0472000000000000	2.42375447984955	2.14062138373278	2.25407447984955
0.0479000000000000	2.45094999120325	2.16643568391526	2.27993999120325
0.0486000000000000	2.47814550255695	2.19224998409773	2.30580550255695
0.0493000000000000	2.50534101391065	2.21806428428021	2.33167101391065
0.0500000000000000	2.53253652526436	2.24387858446269	2.35753652526436
0.0507000000000000	2.55973203661806	2.26969288464517	2.38340203661806
0.0514000000000000	2.58692754797176	2.29550718482765	2.40926754797176
0.0521000000000000	2.61412305932546	2.32132148501012	2.43513305932546
0.0528000000000000	2.64131857067916	2.34713578519260	2.46099857067916
0.0535000000000000	2.66851408203286	2.37295008537508	2.48686408203286
0.0542000000000000	2.69570959338656	2.39876438555756	2.51272959338656
0.0549000000000000	2.72290510474026	2.42457868574003	2.53859510474026
0.0556000000000000	2.75010061609396	2.45039298592251	2.56446061609396
0.0563000000000000	2.77729612744766	2.47620728610499	2.59032612744766
0.0570000000000000	2.80449163880137	2.50202158628747	2.61619163880137
0.0577000000000000	2.83168715015507	2.52783588646994	2.64205715015507
0.0584000000000000	2.85888266150877	2.55365018665242	2.66792266150877
0.0591000000000000	2.88607817286247	2.57946448683490	2.69378817286247
0.0598000000000000	2.91327368421617	2.60527878701738	2.71965368421617
0.0605000000000000	2.94046919556987	2.63109308719986	2.74551919556987
0.0612000000000000	2.96766470692357	2.65690738738233	2.77138470692357
0.0619000000000000	2.99486021827727	2.68272168756481	2.79725021827727
0.0626000000000000	3.02205572963097	2.70853598774729	2.82311572963097
0.0633000000000000	3.04925124098467	2.73435028792976	2.84898124098467
0.0640000000000000	3.07644675233838	2.76016458811224	2.87484675233838
0.0647000000000000	3.10364226369208	2.78597888829472	2.90071226369208
0.0654000000000000	3.13083777504578	2.81179318847720	2.92657777504578
0.0661000000000000	3.15803328639948	2.83760748865968	2.95244328639948
0.0668000000000000	3.18522879775318	2.86342178884215	2.97830879775318
0.0675000000000000	3.21242430910688	2.88923608902463	3.00417430910688
0.0682000000000000	3.23961982046058	2.91505038920711	3.03003982046058
0.0689000000000000	3.26681533181428	2.94086468938959	3.05590533181428
0.0696000000000000	3.29401084316798	2.96667898957206	3.08177084316798
0.0703000000000000	3.32120635452168	2.99249328975454	3.10763635452168
0.0710000000000000	3.34840186587539	3.01830758993702	3.13350186587539
0.0717000000000000	3.37559737722909	3.04412189011950	3.15936737722909
0.0724000000000000	3.40279288858279	3.06993619030197	3.18523288858279
0.0731000000000000	3.42998839993649	3.09575049048445	3.21109839993649
0.0738000000000000	3.45718391129019	3.12156479066693	3.23696391129019
0.0745000000000000	3.48437942264389	3.14737909084941	3.26282942264389
0.0752000000000000	3.51157493399759	3.17319339103189	3.28869493399759
0.0759000000000000	3.53877044535129	3.19900769121436	3.31456044535129
0.0766000000000000	3.56596595670499	3.22482199139684	3.34042595670500
0.0773000000000000	3.59316146805869	3.25063629157932	3.36629146805870
0.0780000000000000	3.62035697941240	3.27645059176180	3.39215697941240
0.0787000000000000	3.64755249076610	3.30226489194427	3.41802249076610
0.0794000000000000	3.67474800211980	3.32807919212675	3.44388800211980
0.0801000000000000	3.70194351347350	3.35389349230923	3.46975351347350
0.0808000000000000	3.72913902482720	3.37970779249171	3.49561902482720
0.0815000000000000	3.75633453618090	3.40552209267419	3.52148453618090
0.0822000000000000	3.78353004753460	3.43133639285666	3.54735004753460
0.0829000000000000	3.81072555888830	3.45715069303914	3.57321555888830
0.0836000000000000	3.83792107024200	3.48296499322162	3.59908107024200
0.0843000000000000	3.86511658159571	3.50877929340410	3.62494658159571
0.0850000000000000	3.89231209294941	3.53459359358657	3.65081209294941
0.0857000000000000	3.91950760430311	3.56040789376905	3.67667760430311
0.0864000000000000	3.94670311565681	3.58622219395153	3.70254311565681
0.0871000000000000	3.97389862701051	3.61203649413400	3.72840862701051
0.0878000000000000	4.00109413836421	3.63785079431648	3.75427413836421
0.0885000000000000	4.02828964971791	3.66366509449896	3.78013964971791
0.0892000000000000	4.05548516107161	3.68947939468144	3.80600516107161
0.0899000000000000	4.08268067242531	3.71529369486392	3.83187067242531
0.0906000000000000	4.10987618377901	3.74110799504639	3.85773618377901
0.0913000000000000	4.13707169513272	3.76692229522887	3.88360169513272
0.0920000000000000	4.16426720648642	3.79273659541135	3.90946720648642
0.0927000000000000	4.19146271784012	3.81855089559383	3.93533271784012
0.0934000000000000	4.21865822919382	3.84436519577630	3.96119822919382
0.0941000000000000	4.24585374054752	3.87017949595878	3.98706374054752
0.0947999999999999	4.27304925190122	3.89599379614126	4.01292925190122
0.0955000000000000	4.30024476325492	3.92180809632374	4.03879476325492
0.0962000000000000	4.32744027460862	3.94762239650622	4.06466027460862
0.0969000000000000	4.35463578596232	3.97343669668869	4.09052578596232
0.0976000000000000	4.38183129731602	3.99925099687117	4.11639129731602
0.0982999999999999	4.40902680866972	4.02506529705365	4.14225680866972
0.0990000000000000	4.43622232002343	4.05087959723613	4.16812232002343
0.0997000000000000	4.46341783137713	4.07669389741860	4.19398783137713
0.100400000000000	4.49061334273083	4.10250819760108	4.21985334273083
0.101100000000000	4.51780885408453	4.12832249778356	4.24571885408453
0.101800000000000	4.54500436543823	4.15413679796604	4.27158436543823
0.102500000000000	4.57219987679193	4.17995109814852	4.29744987679193
0.103200000000000	4.59939538814563	4.20576539833099	4.32331538814563
0.103900000000000	4.62659089949933	4.23157969851347	4.34918089949933
0.104600000000000	4.65378641085303	4.25739399869595	4.37504641085303
0.105300000000000	4.68098192220673	4.28320829887842	4.40091192220673
0.106000000000000	4.70817743356044	4.30902259906091	4.42677743356044
0.106700000000000	4.73537294491414	4.33483689924338	4.45264294491414
0.107400000000000	4.76256845626784	4.36065119942586	4.47850845626784
0.108100000000000	4.78976396762154	4.38646549960833	4.50437396762154
0.108800000000000	4.81695947897524	4.41227979979081	4.53023947897524
0.109500000000000	4.84415499032894	4.43809409997329	4.55610499032894
0.110200000000000	4.87135050168264	4.46390840015577	4.58197050168264
0.110900000000000	4.89854601303634	4.48972270033825	4.60783601303634
0.111600000000000	4.92574152439004	4.51553700052072	4.63370152439004
0.112300000000000	4.95293703574374	4.54135130070320	4.65956703574374
0.113000000000000	4.98013254709745	4.56716560088568	4.68543254709745
0.113700000000000	5.00732805845115	4.59297990106816	4.71129805845115
0.114400000000000	5.03452356980485	4.61879420125064	4.73716356980485
0.115100000000000	5.06171908115855	4.64460850143311	4.76302908115855
0.115800000000000	5.08891459251225	4.67042280161559	4.78889459251225
0.116500000000000	5.11611010386595	4.69623710179807	4.81476010386595
0.117200000000000	5.14330561521965	4.72205140198055	4.84062561521965
0.117900000000000	5.17050112657335	4.74786570216302	4.86649112657335
0.118600000000000	5.19769663792705	4.77368000234550	4.89235663792705
0.119300000000000	5.22489214928075	4.79949430252798	4.91822214928075
0.120000000000000	5.25208766063446	4.82530860271046	4.94408766063446
0.120700000000000	5.27928317198816	4.85112290289293	4.96995317198816
0.121400000000000	5.30647868334186	4.87693720307541	4.99581868334186
0.122100000000000	5.33367419469556	4.90275150325789	5.02168419469556
0.122800000000000	5.36086970604926	4.92856580344037	5.04754970604926
0.123500000000000	5.38806521740296	4.95438010362284	5.07341521740296
0.124200000000000	5.41526072875666	4.98019440380532	5.09928072875666
0.124900000000000	5.44245624011036	5.00600870398780	5.12514624011036
0.125600000000000	5.46965175146406	5.03182300417028	5.15101175146406
0.126300000000000	5.49684726281776	5.05763730435275	5.17687726281776
0.127000000000000	5.52404277417147	5.08345160453523	5.20274277417147
0.127700000000000	5.55123828552517	5.10926590471771	5.22860828552517
0.128400000000000	5.57843379687887	5.13508020490019	5.25447379687887
0.129100000000000	5.60562930823257	5.16089450508267	5.28033930823257
0.129800000000000	5.63282481958627	5.18670880526514	5.30620481958627
0.130500000000000	5.66002033093997	5.21252310544762	5.33207033093997
0.131200000000000	5.68721584229367	5.23833740563010	5.35793584229367
0.131900000000000	5.71441135364737	5.26415170581258	5.38380135364737
0.132600000000000	5.74160686500107	5.28996600599505	5.40966686500108
0.133300000000000	5.76880237635478	5.31578030617753	5.43553237635477
0.134000000000000	5.79599788770848	5.34159460636001	5.46139788770848
0.134700000000000	5.82319339906218	5.36740890654249	5.48726339906218
0.135400000000000	5.85038891041588	5.39322320672496	5.51312891041588
0.136100000000000	5.87758442176958	5.41903750690744	5.53899442176958
0.136800000000000	5.90477993312328	5.44485180708992	5.56485993312328
0.137500000000000	5.93197544447698	5.47066610727240	5.59072544447698
0.138200000000000	5.95917095583068	5.49648040745488	5.61659095583068
0.138900000000000	5.98636646718438	5.52229470763735	5.64245646718438
0.139600000000000	6.01356197853808	5.54810900781983	5.66832197853809
0.140300000000000	6.04075748989179	5.57392330800231	5.69418748989179
0.141000000000000	6.06795300124549	5.59973760818479	5.72005300124549
0.141700000000000	6.09514851259919	5.62555190836726	5.74591851259919
0.142400000000000	6.12234402395289	5.65136620854974	5.77178402395289
0.143100000000000	6.14953953530659	5.67718050873222	5.79764953530659
0.143800000000000	6.17673504666029	5.70299480891470	5.82351504666029
0.144500000000000	6.20393055801399	5.72880910909718	5.84938055801399
0.145200000000000	6.23112606936769	5.75462340927965	5.87524606936769
0.145900000000000	6.25832158072139	5.78043770946213	5.90111158072139
0.146600000000000	6.28551709207509	5.80625200964461	5.92697709207509
0.147300000000000	6.31271260342880	5.83206630982708	5.95284260342880
0.148000000000000	6.33990811478250	5.85788061000956	5.97870811478250
0.148700000000000	6.36710362613620	5.88369491019204	6.00457362613620
0.149400000000000	6.39429913748990	5.90950921037452	6.03043913748990
0.150100000000000	6.42149464884360	5.93532351055699	6.05630464884360
0.150800000000000	6.44869016019730	5.96113781073947	6.08217016019730
0.151500000000000	6.47588567155100	5.98695211092195	6.10803567155100
0.152200000000000	6.50308118290470	6.01276641110443	6.13390118290470
0.152900000000000	6.53027669425840	6.03858071128691	6.15976669425840
0.153600000000000	6.55747220561210	6.06439501146938	6.18563220561210
0.154300000000000	6.58466771696581	6.09020931165186	6.21149771696581
0.155000000000000	6.61186322831951	6.11602361183434	6.23736322831951
0.155700000000000	6.63905873967321	6.14183791201682	6.26322873967321
0.156400000000000	6.66625425102691	6.16765221219929	6.28909425102691
0.157100000000000	6.69344976238061	6.19346651238177	6.31495976238061
0.157800000000000	6.72064527373431	6.21928081256425	6.34082527373431
0.158500000000000	6.74784078508801	6.24509511274673	6.36669078508801
0.159200000000000	6.77503629644171	6.27090941292921	6.39255629644171
0.159900000000000	6.80223180779541	6.29672371311168	6.41842180779541
0.160600000000000	6.82942731914911	6.32253801329416	6.44428731914911
0.161300000000000	6.85662283050281	6.34835231347664	6.47015283050281
0.162000000000000	6.88381834185652	6.37416661365912	6.49601834185652
0.162700000000000	6.91101385321022	6.39998091384159	6.52188385321022
0.163400000000000	6.93820936456392	6.42579521402407	6.54774936456392
0.164100000000000	6.96540487591762	6.45160951420655	6.57361487591762
0.164800000000000	6.99260038727132	6.47742381438903	6.59948038727132
0.165500000000000	7.01979589862502	6.50323811457150	6.62534589862502
0.166200000000000	7.04699140997872	6.52905241475398	6.65121140997872
0.166900000000000	7.07418692133242	6.55486671493646	6.67707692133242
0.167600000000000	7.10138243268612	6.58068101511894	6.70294243268612
0.168300000000000	7.12857794403982	6.60649531530141	6.72880794403982
0.169000000000000	7.15577345539352	6.63230961548389	6.75467345539352
0.169700000000000	7.18296896674723	6.65812391566637	6.78053896674723
0.170400000000000	7.21016447810093	6.68393821584885	6.80640447810093
0.171100000000000	7.23735998945463	6.70975251603132	6.83226998945463
0.171800000000000	7.26455550080833	6.73556681621380	6.85813550080833
0.172500000000000	7.29175101216203	6.76138111639628	6.88400101216203
0.173200000000000	7.31894652351573	6.78719541657876	6.90986652351573
0.173900000000000	7.34614203486943	6.81300971676124	6.93573203486943
0.174600000000000	7.37333754622313	6.83882401694371	6.96159754622313
0.175300000000000	7.40053305757683	6.86463831712619	6.98746305757683
0.176000000000000	7.42772856893053	6.89045261730867	7.01332856893053
0.176700000000000	7.45492408028424	6.91626691749115	7.03919408028424
0.177400000000000	7.48211959163794	6.94208121767362	7.06505959163794
0.178100000000000	7.50931510299164	6.96789551785610	7.09092510299164
0.178800000000000	7.53651061434534	6.99370981803858	7.11679061434534
0.179500000000000	7.56370612569904	7.01952411822106	7.14265612569904
0.180200000000000	7.59090163705274	7.04533841840354	7.16852163705274
0.180900000000000	7.61809714840644	7.07115271858601	7.19438714840644
0.181600000000000	7.64529265976014	7.09696701876849	7.22025265976014
0.182300000000000	7.67248817111384	7.12278131895097	7.24611817111384
0.183000000000000	7.69968368246754	7.14859561913344	7.27198368246754
0.183700000000000	7.72687919382125	7.17440991931592	7.29784919382125
0.184400000000000	7.75407470517495	7.20022421949840	7.32371470517495
0.185100000000000	7.78127021652865	7.22603851968088	7.34958021652865
0.185800000000000	7.80846572788235	7.25185281986335	7.37544572788235
0.186500000000000	7.83566123923605	7.27766712004583	7.40131123923605
0.187200000000000	7.86285675058975	7.30348142022831	7.42717675058975
0.187900000000000	7.89005226194345	7.32929572041079	7.45304226194345
0.188600000000000	7.91724777329715	7.35511002059327	7.47890777329715
0.189300000000000	7.94444328465085	7.38092432077574	7.50477328465085
0.190000000000000	7.97163879600455	7.40673862095822	7.53063879600455
0.190700000000000	7.99883430735826	7.43255292114070	7.55650430735826
0.191400000000000	8.02602981871196	7.45836722132318	7.58236981871196
0.192100000000000	8.05322533006566	7.48418152150566	7.60823533006566
0.192800000000000	8.08042084141936	7.50999582168813	7.63410084141936
0.193500000000000	8.10761635277306	7.53581012187061	7.65996635277306
0.194200000000000	8.13481186412676	7.56162442205309	7.68583186412676
0.194900000000000	8.16200737548046	7.58743872223556	7.71169737548046
0.195600000000000	8.18920288683416	7.61325302241804	7.73756288683416
0.196300000000000	8.21639839818786	7.63906732260052	7.76342839818786
0.197000000000000	8.24359390954156	7.66488162278300	7.78929390954156
0.197700000000000	8.27078942089527	7.69069592296548	7.81515942089527
0.198400000000000	8.29798493224897	7.71651022314795	7.84102493224897
0.199100000000000	8.32518044360267	7.74232452333043	7.86689044360267
0.199800000000000	8.35237595495637	7.76813882351291	7.89275595495637
0.200500000000000	8.37957146631007	7.79395312369539	7.91862146631007
0.201200000000000	8.40676697766377	7.81976742387786	7.94448697766377
0.201900000000000	8.43396248901748	7.84558172406034	7.97035248901748
0.202600000000000	8.46115800037117	7.87139602424282	7.99621800037117
0.203300000000000	8.48835351172487	7.89721032442530	8.02208351172487
0.204000000000000	8.51554902307857	7.92302462460777	8.04794902307857
0.204700000000000	8.54274453443228	7.94883892479025	8.07381453443228
0.205400000000000	8.56994004578598	7.97465322497273	8.09968004578598
0.206100000000000	8.59713555713968	8.00046752515521	8.12554555713968
0.206800000000000	8.62433106849338	8.02628182533768	8.15141106849338
0.207500000000000	8.65152657984708	8.05209612552016	8.17727657984708
0.208200000000000	8.67872209120078	8.07791042570264	8.20314209120078
0.208900000000000	8.70591760255448	8.10372472588512	8.22900760255449
0.209600000000000	8.73311311390818	8.12953902606759	8.25487311390818
0.210300000000000	8.76030862526189	8.15535332625007	8.28073862526189
0.211000000000000	8.78750413661558	8.18116762643255	8.30660413661558
0.211700000000000	8.81469964796929	8.20698192661503	8.33246964796929
0.212400000000000	8.84189515932299	8.23279622679751	8.35833515932299
0.213100000000000	8.86909067067669	8.25861052697999	8.38420067067669
0.213800000000000	8.89628618203039	8.28442482716246	8.41006618203039
0.214500000000000	8.92348169338409	8.31023912734494	8.43593169338409
0.215200000000000	8.95067720473779	8.33605342752741	8.46179720473779
0.215900000000000	8.97787271609150	8.36186772770990	8.48766271609150
0.216600000000000	9.00506822744520	8.38768202789237	8.51352822744520
0.217300000000000	9.03226373879889	8.41349632807485	8.53939373879890
0.218000000000000	9.05945925015260	8.43931062825733	8.56525925015260
0.218700000000000	9.08665476150630	8.46512492843980	8.59112476150630
0.219400000000000	9.11385027286000	8.49093922862228	8.61699027286000
0.220100000000000	9.14104578421370	8.51675352880476	8.64285578421370
0.220800000000000	9.16824129556740	8.54256782898724	8.66872129556740
0.221500000000000	9.19543680692110	8.56838212916972	8.69458680692110
0.222200000000000	9.22263231827480	8.59419642935219	8.72045231827480
0.222900000000000	9.24982782962850	8.62001072953467	8.74631782962851
0.223600000000000	9.27702334098221	8.64582502971715	8.77218334098221
0.224300000000000	9.30421885233591	8.67163932989963	8.79804885233591
0.225000000000000	9.33141436368961	8.69745363008211	8.82391436368961
0.225700000000000	9.35860987504331	8.72326793026458	8.84977987504331
0.226400000000000	9.38580538639701	8.74908223044706	8.87564538639701
0.227100000000000	9.41300089775071	8.77489653062954	8.90151089775071
0.227800000000000	9.44019640910441	8.80071083081201	8.92737640910441
0.228500000000000	9.46739192045811	8.82652513099449	8.95324192045811
0.229200000000000	9.49458743181181	8.85233943117697	8.97910743181181
0.229900000000000	9.52178294316551	8.87815373135945	9.00497294316551
0.230600000000000	9.54897845451922	8.90396803154193	9.03083845451922
0.231300000000000	9.57617396587292	8.92978233172440	9.05670396587292
0.232000000000000	9.60336947722662	8.95559663190688	9.08256947722662
0.232700000000000	9.63056498858032	8.98141093208936	9.10843498858032
0.233400000000000	9.65776049993402	9.00722523227184	9.13430049993402
0.234100000000000	9.68495601128772	9.03303953245432	9.16016601128772
0.234800000000000	9.71215152264142	9.05885383263679	9.18603152264142
0.235500000000000	9.73934703399512	9.08466813281927	9.21189703399512
0.236200000000000	9.76654254534882	9.11048243300174	9.23776254534882
0.236900000000000	9.79373805670252	9.13629673318422	9.26362805670252
0.237600000000000	9.82093356805622	9.16211103336670	9.28949356805622
0.238300000000000	9.84812907940993	9.18792533354918	9.31535907940993
0.239000000000000	9.87532459076363	9.21373963373166	9.34122459076363
0.239700000000000	9.90252010211733	9.23955393391413	9.36709010211733
0.240400000000000	9.92971561347103	9.26536823409661	9.39295561347103
0.241100000000000	9.95691112482473	9.29118253427909	9.41882112482473
0.241800000000000	9.98410663617843	9.31699683446157	9.44468663617843
0.242500000000000	10.0113021475321	9.34281113464405	9.47055214753213
0.243200000000000	10.0384976588858	9.36862543482652	9.49641765888583
0.243900000000000	10.0656931702395	9.39443973500900	9.52228317023953
0.244600000000000	10.0928886815932	9.42025403519148	9.54814868159323
0.245300000000000	10.1200841929469	9.44606833537396	9.57401419294694
0.246000000000000	10.1472797043006	9.47188263555644	9.59987970430064
0.246700000000000	10.1744752156543	9.49769693573891	9.62574521565434
0.247400000000000	10.2016707270080	9.52351123592139	9.65161072700804
0.248100000000000	10.2288662383617	9.54932553610387	9.67747623836174
0.248800000000000	10.2560617497154	9.57513983628634	9.70334174971544
0.249500000000000	10.2832572610691	9.60095413646882	9.72920726106914
0.250200000000000	10.3104527724228	9.62676843665130	9.75507277242284
0.250900000000000	10.3376482837765	9.65258273683378	9.78093828377654
0.251600000000000	10.3648437951302	9.67839703701625	9.80680379513024
0.252300000000000	10.3920393064839	9.70421133719873	9.83266930648394
0.253000000000000	10.4192348178376	9.73002563738121	9.85853481783765
0.253700000000000	10.4464303291913	9.75583993756369	9.88440032919135
0.254400000000000	10.4736258405450	9.78165423774617	9.91026584054505
0.255100000000000	10.5008213518987	9.80746853792864	9.93613135189875
0.255800000000000	10.5280168632524	9.83328283811112	9.96199686325245
0.256500000000000	10.5552123746062	9.85909713829360	9.98786237460615
0.257200000000000	10.5824078859599	9.88491143847607	10.0137278859598
0.257900000000000	10.6096033973136	9.91072573865855	10.0395933973136
0.258600000000000	10.6367989086672	9.93654003884103	10.0654589086673
0.259300000000000	10.6639944200210	9.96235433902351	10.0913244200210
0.260000000000000	10.6911899313747	9.98816863920599	10.1171899313747
0.260700000000000	10.7183854427284	10.0139829393885	10.1430554427284
0.261400000000000	10.7455809540821	10.0397972395709	10.1689209540821
0.262100000000000	10.7727764654358	10.0656115397534	10.1947864654358
0.262800000000000	10.7999719767895	10.0914258399359	10.2206519767895
0.263500000000000	10.8271674881432	10.1172401401184	10.2465174881432
0.264200000000000	10.8543629994969	10.1430544403009	10.2723829994969
0.264900000000000	10.8815585108506	10.1688687404833	10.2982485108506
0.265600000000000	10.9087540222043	10.1946830406658	10.3241140222043
0.266300000000000	10.9359495335580	10.2204973408483	10.3499795335580
0.267000000000000	10.9631450449117	10.2463116410308	10.3758450449117
0.267700000000000	10.9903405562654	10.2721259412132	10.4017105562654
0.268400000000000	11.0175360676191	10.2979402413957	10.4275760676191
0.269100000000000	11.0447315789728	10.3237545415782	10.4534415789728
0.269800000000000	11.0719270903265	10.3495688417607	10.4793070903265
0.270500000000000	11.0991226016802	10.3753831419432	10.5051726016802
0.271200000000000	11.1263181130339	10.4011974421256	10.5310381130339
0.271900000000000	11.1535136243876	10.4270117423081	10.5569036243876
0.272600000000000	11.1807091357413	10.4528260424906	10.5827691357413
0.273300000000000	11.2079046470950	10.4786403426731	10.6086346470950
0.274000000000000	11.2351001584487	10.5044546428555	10.6345001584487
0.274700000000000	11.2622956698024	10.5302689430380	10.6603656698024
0.275400000000000	11.2894911811561	10.5560832432205	10.6862311811561
0.276100000000000	11.3166866925098	10.5818975434030	10.7120966925098
0.276800000000000	11.3438822038635	10.6077118435855	10.7379622038635
0.277500000000000	11.3710777152172	10.6335261437679	10.7638277152172
0.278200000000000	11.3982732265709	10.6593404439504	10.7896932265709
0.278900000000000	11.4254687379246	10.6851547441329	10.8155587379246
0.279600000000000	11.4526642492783	10.7109690443154	10.8414242492783
0.280300000000000	11.4798597606320	10.7367833444978	10.8672897606320
0.281000000000000	11.5070552719857	10.7625976446803	10.8931552719857
0.281700000000000	11.5342507833394	10.7884119448628	10.9190207833394
0.282400000000000	11.5614462946931	10.8142262450453	10.9448862946931
0.283100000000000	11.5886418060468	10.8400405452278	10.9707518060468
0.283800000000000	11.6158373174005	10.8658548454102	10.9966173174005
0.284500000000000	11.6430328287542	10.8916691455927	11.0224828287542
0.285200000000000	11.6702283401079	10.9174834457752	11.0483483401079
0.285900000000000	11.6974238514616	10.9432977459577	11.0742138514616
0.286600000000000	11.7246193628153	10.9691120461401	11.1000793628153
0.287300000000000	11.7518148741690	10.9949263463226	11.1259448741690
0.288000000000000	11.7790103855227	11.0207406465051	11.1518103855227
0.288700000000000	11.8062058968764	11.0465549466876	11.1776758968764
0.289400000000000	11.8334014082301	11.0723692468700	11.2035414082301
0.290100000000000	11.8605969195838	11.0981835470525	11.2294069195838
0.290800000000000	11.8877924309375	11.1239978472350	11.2552724309375
0.291500000000000	11.9149879422912	11.1498121474175	11.2811379422912
0.292200000000000	11.9421834536449	11.1756264476000	11.3070034536449
0.292900000000000	11.9693789649986	11.2014407477824	11.3328689649986
0.293600000000000	11.9965744763523	11.2272550479649	11.3587344763523
0.294300000000000	12.0237699877060	11.2530693481474	11.3845999877060
0.295000000000000	12.0509654990597	11.2788836483299	11.4104654990597
0.295700000000000	12.0781610104134	11.3046979485123	11.4363310104134
0.296400000000000	12.1053565217671	11.3305122486948	11.4621965217671
0.297100000000000	12.1325520331208	11.3563265488773	11.4880620331208
0.297800000000000	12.1597475444745	11.3821408490598	11.5139275444745
0.298500000000000	12.1869430558282	11.4079551492423	11.5397930558282
0.299200000000000	12.2141385671819	11.4337694494247	11.5656585671819
0.299900000000000	12.2413340785356	11.4595837496072	11.5915240785356
0.300600000000000	12.2685295898893	11.4853980497897	11.6173895898893
0.301300000000000	12.2957251012430	11.5112123499722	11.6432551012430
0.302000000000000	12.3229206125967	11.5370266501546	11.6691206125967
0.302700000000000	12.3501161239504	11.5628409503371	11.6949861239504
0.303400000000000	12.3773116353041	11.5886552505196	11.7208516353041
0.304100000000000	12.4045071466578	11.6144695507021	11.7467171466578
0.304800000000000	12.4317026580115	11.6402838508846	11.7725826580115
0.305500000000000	12.4588981693652	11.6660981510670	11.7984481693652
0.306200000000000	12.4860936807189	11.6919124512495	11.8243136807189
0.306900000000000	12.5132891920726	11.7177267514320	11.8501791920726
0.307600000000000	12.5404847034263	11.7435410516145	11.8760447034263
0.308300000000000	12.5676802147800	11.7693553517969	11.9019102147800
0.309000000000000	12.5948757261337	11.7951696519794	11.9277757261337
0.309700000000000	12.6220712374874	11.8209839521619	11.9536412374874
0.310400000000000	12.6492667488411	11.8467982523444	11.9795067488411
0.311100000000000	12.6764622601948	11.8726125525269	12.0053722601948
0.311800000000000	12.7036577715485	11.8984268527093	12.0312377715485
0.312500000000000	12.7308532829022	11.9242411528918	12.0571032829022
0.313200000000000	12.7580487942559	11.9500554530743	12.0829687942559
0.313900000000000	12.7852443056096	11.9758697532568	12.1088343056096
0.314600000000000	12.8124398169633	12.0016840534392	12.1346998169633
0.315300000000000	12.8396353283170	12.0274983536217	12.1605653283170
0.316000000000000	12.8668308396707	12.0533126538042	12.1864308396707
0.316700000000000	12.8940263510244	12.0791269539867	12.2122963510244
0.317400000000000	12.9212218623781	12.1049412541692	12.2381618623781
0.318100000000000	12.9484173737318	12.1307555543516	12.2640273737318
0.318800000000000	12.9756128850855	12.1565698545341	12.2898928850855
0.319500000000000	13.0028083964392	12.1823841547166	12.3157583964392
0.320200000000000	13.0300039077929	12.2081984548991	12.3416239077929
0.320900000000000	13.0571994191466	12.2340127550815	12.3674894191466
0.321600000000000	13.0843949305003	12.2598270552640	12.3933549305003
0.322300000000000	13.1115904418540	12.2856413554465	12.4192204418540
0.323000000000000	13.1387859532077	12.3114556556290	12.4450859532077
0.323700000000000	13.1659814645614	12.3372699558115	12.4709514645614
0.324400000000000	13.1931769759151	12.3630842559939	12.4968169759151
0.325100000000000	13.2203724872688	12.3888985561764	12.5226824872688
0.325800000000000	13.2475679986225	12.4147128563589	12.5485479986225
0.326500000000000	13.2747635099763	12.4405271565414	12.5744135099763
0.327200000000000	13.3019590213300	12.4663414567238	12.6002790213300
0.327900000000000	13.3291545326837	12.4921557569063	12.6261445326837
0.328600000000000	13.3563500440374	12.5179700570888	12.6520100440374
0.329300000000000	13.3835455553911	12.5437843572713	12.6778755553911
0.330000000000000	13.4107410667448	12.5695986574538	12.7037410667448
0.330700000000000	13.4379365780985	12.5954129576362	12.7296065780985
0.331400000000000	13.4651320894522	12.6212272578187	12.7554720894522
0.332100000000000	13.4923276008059	12.6470415580012	12.7813376008059
0.332800000000000	13.5195231121596	12.6728558581837	12.8072031121596
0.333500000000000	13.5467186235133	12.6986701583661	12.8330686235133
0.334200000000000	13.5739141348670	12.7244844585486	12.8589341348670
0.334900000000000	13.6011096462207	12.7502987587311	12.8847996462207
0.335600000000000	13.6283051575744	12.7761130589136	12.9106651575744
0.336300000000000	13.6555006689281	12.8019273590961	12.9365306689281
0.337000000000000	13.6826961802818	12.8277416592785	12.9623961802818
0.337700000000000	13.7098916916355	12.8535559594610	12.9882616916355
0.338400000000000	13.7370872029892	12.8793702596435	13.0141272029892
0.339100000000000	13.7642827143429	12.9051845598260	13.0399927143429
0.339800000000000	13.7914782256966	12.9309988600084	13.0658582256966
0.340500000000000	13.8186737370503	12.9568131601909	13.0917237370503
0.341200000000000	13.8458692484040	12.9826274603734	13.1175892484040
0.341900000000000	13.8730647597577	13.0084417605559	13.1434547597577
0.342600000000000	13.9002602711114	13.0342560607384	13.1693202711114
0.343300000000000	13.9274557824651	13.0600703609208	13.1951857824651
0.344000000000000	13.9546512938188	13.0858846611033	13.2210512938188
0.344700000000000	13.9818468051725	13.1116989612858	13.2469168051725
0.345400000000000	14.0090423165262	13.1375132614683	13.2727823165262
0.346100000000000	14.0362378278799	13.1633275616507	13.2986478278799
0.346800000000000	14.0634333392336	13.1891418618332	13.3245133392336
0.347500000000000	14.0906288505873	13.2149561620157	13.3503788505873
0.348200000000000	14.1178243619410	13.2407704621982	13.3762443619410
0.348900000000000	14.1450198732947	13.2665847623807	13.4021098732947
0.349600000000000	14.1722153846484	13.2923990625631	13.4279753846484
0.350300000000000	14.1994108960021	13.3182133627456	13.4538408960021
0.351000000000000	14.2266064073558	13.3440276629281	13.4797064073558
0.351700000000000	14.2538019187095	13.3698419631106	13.5055719187095
0.352400000000000	14.2809974300632	13.3956562632930	13.5314374300632
0.353100000000000	14.3081929414169	13.4214705634755	13.5573029414169
0.353800000000000	14.3353884527706	13.4472848636580	13.5831684527706
0.354500000000000	14.3625839641243	13.4730991638405	13.6090339641243
0.355200000000000	14.3897794754780	13.4989134640229	13.6348994754780
0.355900000000000	14.4169749868317	13.5247277642054	13.6607649868317
0.356600000000000	14.4441704981854	13.5505420643879	13.6866304981854
0.357300000000000	14.4713660095391	13.5763563645704	13.7124960095391
0.358000000000000	14.4985615208928	13.6021706647529	13.7383615208928
0.358700000000000	14.5257570322465	13.6279849649353	13.7642270322465
0.359400000000000	14.5529525436002	13.6537992651178	13.7900925436002
0.360100000000000	14.5801480549539	13.6796135653003	13.8159580549539
0.360800000000000	14.6073435663076	13.7054278654828	13.8418235663076
0.361500000000000	14.6345390776613	13.7312421656652	13.8676890776613
0.362200000000000	14.6617345890150	13.7570564658477	13.8935545890150
0.362900000000000	14.6889301003687	13.7828707660302	13.9194201003687
0.363600000000000	14.7161256117224	13.8086850662127	13.9452856117224
0.364300000000000	14.7433211230761	13.8344993663952	13.9711511230761
0.365000000000000	14.7705166344298	13.8603136665776	13.9970166344298
0.365700000000000	14.7977121457835	13.8861279667601	14.0228821457835
0.366400000000000	14.8249076571372	13.9119422669426	14.0487476571372
0.367100000000000	14.8521031684909	13.9377565671251	14.0746131684909
0.367800000000000	14.8792986798446	13.9635708673075	14.1004786798446
0.368500000000000	14.9064941911983	13.9893851674900	14.1263441911983
0.369200000000000	14.9336897025520	14.0151994676725	14.1522097025520
0.369900000000000	14.9608852139057	14.0410137678550	14.1780752139057
0.370600000000000	14.9880807252594	14.0668280680375	14.2039407252594
0.371300000000000	15.0152762366131	14.0926423682199	14.2298062366131
0.372000000000000	15.0424717479668	14.1184566684024	14.2556717479668
0.372700000000000	15.0696672593205	14.1442709685849	14.2815372593205
0.373400000000000	15.0968627706742	14.1700852687674	14.3074027706742
0.374100000000000	15.1240582820279	14.1958995689498	14.3332682820279
0.374800000000000	15.1512537933816	14.2217138691323	14.3591337933816
0.375500000000000	15.1784493047353	14.2475281693148	14.3849993047353
0.376200000000000	15.2056448160890	14.2733424694973	14.4108648160890
0.376900000000000	15.2328403274427	14.2991567696798	14.4367303274427
0.377600000000000	15.2600358387964	14.3249710698622	14.4625958387964
0.378300000000000	15.2872313501501	14.3507853700447	14.4884613501501
0.379000000000000	15.3144268615038	14.3765996702272	14.5143268615038
0.379700000000000	15.3416223728575	14.4024139704097	14.5401923728575
0.380400000000000	15.3688178842112	14.4282282705921	14.5660578842112
0.381100000000000	15.3960133955649	14.4540425707746	14.5919233955649
0.381800000000000	15.4232089069186	14.4798568709571	14.6177889069186
0.382500000000000	15.4504044182723	14.5056711711396	14.6436544182723
0.383200000000000	15.4775999296260	14.5314854713221	14.6695199296260
0.383900000000000	15.5047954409797	14.5572997715045	14.6953854409797
0.384600000000000	15.5319909523334	14.5831140716870	14.7212509523334
0.385300000000000	15.5591864636871	14.6089283718695	14.7471164636871
0.386000000000000	15.5863819750408	14.6347426720520	14.7729819750408
0.386700000000000	15.6135774863945	14.6605569722344	14.7988474863945
0.387400000000000	15.6407729977482	14.6863712724169	14.8247129977482
0.388100000000000	15.6679685091019	14.7121855725994	14.8505785091019
0.388800000000000	15.6951640204556	14.7379998727819	14.8764440204556
0.389500000000000	15.7223595318093	14.7638141729644	14.9023095318093
0.390200000000000	15.7495550431630	14.7896284731468	14.9281750431630
0.390900000000000	15.7767505545167	14.8154427733293	14.9540405545167
0.391600000000000	15.8039460658704	14.8412570735118	14.9799060658704
0.392300000000000	15.8311415772241	14.8670713736943	15.0057715772241
0.393000000000000	15.8583370885778	14.8928856738767	15.0316370885778
0.393700000000000	15.8855325999315	14.9186999740592	15.0575025999315
0.394400000000000	15.9127281112852	14.9445142742417	15.0833681112853
0.395100000000000	15.9399236226389	14.9703285744242	15.1092336226389
0.395800000000000	15.9671191339926	14.9961428746067	15.1350991339927
0.396500000000000	15.9943146453464	15.0219571747891	15.1609646453464
0.397200000000000	16.0215101567001	15.0477714749716	15.1868301567000
0.397900000000000	16.0487056680538	15.0735857751541	15.2126956680538
0.398600000000000	16.0759011794075	15.0994000753366	15.2385611794075
0.399300000000000	16.1030966907612	15.1252143755190	15.2644266907612
0.400000000000000	16.1302922021149	15.1510286757015	15.2902922021149
